341887
64812
64811
62078
107241
48932
62136
354655
354656
354657
354654
396998
45880
32389
25688
44581
138530
49757
314591
25241
25243
53969
308201
186581
202482
28993
27193
20588
25242
44862
266313
308202
308203
65617
51180
109273
168385
168386
168384
13500
13877
17623
49865
51214
48478
48481
49733
132534
253544
215064
215065
27362
27363
3215
87407
308200
69822
69823
65193
65187
65186
65194
65190
35478
24841
24842
26162
256591
256593
65183
57886
34581
78612
60911
28053
30591
78611
54660
57471
78504
131182
46804
214301
7916
63470
78508
46810
576
56396
365
32036
364
214303
106430
24999
95931
25000
25001
61990
4528
78507
141009
106435
55817
395544
345936
345934
66326
65178
66327
65181
65167
65171
65169
65166
196377
78422
155899
138152
78425
65137
65150
65128
65134
65147
65151
65152
65135
65158
65136
65149
65133
65140
65154
66995
66996
61855
66990
67004
317023
84961
43677
317026
67001
22476
53454
52277
129806
47503
129805
129807
113953
113955
27739
68070
15932
68071
26918
585
26586
26503
26503
14720
14721
51819
87411
257597
209635
108621
206277
12986
18315
84102
61169
76421
95222
76415
76414
76337
66314
128729
66337
269727
76394
106049
76320
76395
269730
257247
82053
76403
76328
76426
76325
269728
76342
76407
57874
57877
57878
272858
275159
218327
33948
128797
46019
128802
232699
49968
33946
14406
103363
33947
67113
25652
25621
74180
3261
47371
89298
20282
35740
72638
142336
328746
72640
328756
142338
172236
142337
134429
134430
107926
48908
48907
54431
226524
107618
335899
107619
660
92205
169400
268188
268191
57527
205979
47026
358642
219374
205977
205978
218300
51858
107969
51859
107970
51860
289
31579
87671
87670
107675
107676
31581
17999
142910
87620
87621
142354
62005
88859
400
325673
416838
168002
107513
54509
95927
61871
178476
72649
384535
12924
438350
117335
172238
569017
314586
43679
217912
97486
110380
332014
691261
28289
166409
547997
263541
343199
220357
72642
254478
138707
330136
1442
10806
19818
1805
145951
33569
201929
201928
43676
171180
107623
107625
107626
107627
107629
8691
92165
168996
142387
18004
256096
4105
159012
256103
256104
24673
133079
160595
50989
131025
256105
133080
258086
17150
10015
138119
17151
26420
144627
130249
60669
10016
17152
255477
62006
5896
42812
81597
168998
107689
41666
26788
34013
5780
2299
145952
145954
145955
145956
145957
225342
318457
28401
444
81596
167748
61184
107512
60910
141302
107514
107515
170371
107516
263348
376288
26424
440
2638
584
72258
167744
170372
45995
280043
45994
1835
325533
78248
130863
34661
397232
10017
3915
620
60906
60907
45573
323493
313352
313353
266874
81593
48999
204988
3914
42813
68003
31835
5436
26426
198704
145947
145948
145949
65372
92182
115670
26076
5503
166747
168559
168561
62274
1855
263536
20200
243522
32068
1854
2377
530
32317
865
72620
43879
42883
62096
19757
18170
280453
49972
280451
15068
280466
280464
280459
262861
47588
262865
47587
178112
159338
167356
262864
47585
164366
164365
167357
178113
262866
55372
55371
55370
97297
558274
48905
169401
55365
48906
141294
48915
65494
48916
115672
55439
55367
115673
173
60913
65495
267325
48914
97300
268876
115674
267326
161728
258966
258967
260184
97074
141401
50959
2132
60914
139204
256102
177724
177726
30884
177727
3657
177729
14715
137789
159006
97059
12607
29743
50889
3654
256092
263512
168571
159005
5311
159009
263510
267362
220350
2138
218984
218980
218983
1782
1786
3206
3208
20234
1780
1781
63848
4969
3181
3794
3795
30424
22317
22320
218957
218948
9983
3912
9984
3252
219005
219006
219008
219010
219012
219013
44729
370631
26075
370628
117927
92206
201996
127111
117928
132
1957
84965
1010
52303
66581
54974
61999
72256
142382
144630
395551
48050
130857
107690
61997
25484
72249
72248
89643
130288
166835
48638
2775
26768
4841
48660
48661
48795
218606
236079
142957
143446
87117
50590
50327
18388
246758
266956
95597
50485
3195
24381
217990
201997
78022
314659
12923
25415
12925
422
198683
198686
198684
198685
12635
12636
115676
328395
166832
166833
143505
135348
381906
142363
77877
78177
49366
97474
140907
97475
41765
128899
60680
95454
148
133408
19079
392883
963
48556
41781
43314
128909
42952
78560
94681
29850
1012
29851
762
342
1105
273692
21587
21580
27057
21584
30124
138431
148060
148061
87133
267662
108518
53765
35720
53766
49962
87764
246164
204453
31833
31831
31829
87765
48285
60781
60779
60780
43840
159002
155798
155797
43838
35736
35735
35734
87136
46735
35737
87137
48284
86132
35738
45543
35721
45546
51335
45549
43836
43837
60765
87770
45545
57818
57817
87775
87776
87777
87780
53773
53775
53774
49964
51478
48286
48287
155805
60760
35731
35728
87124
35730
35729
139206
139207
139695
43602
265245
131241
131240
131239
131237
131238
168713
168714
294831
218852
256922
258076
258073
258070
258071
217312
216851
216850
207981
2826
475
644
12057
12058
13283
13284
25733
25734
42829
42832
78565
78561
207984
196289
168707
131234
148049
148050
131231
131232
148059
131755
131246
97487
110743
216846
216847
131243
131242
32031
32034
32033
50722
53453
110732
253739
253738
62076
106008
78176
148248
33904
12059
12060
33905
216265
1788
17095
32035
32037
32038
20697
713
202462
202471
20699
225304
382862
72902
201931
201930
5313
5314
107715
325555
212406
325553
21309
258617
73498
73497
133531
331286
217289
403243
271742
104564
330472
116690
116689
87560
204723
172693
172683
79293
133569
79286
268165
133733
60864
66836
172698
172697
327365
43909
105961
156588
160542
340532
105319
126665
105312
189149
111750
143009
105284
201158
93462
93463
520334
98129
132661
185076
77277
97085
77445
233447
153048
84123
84122
84127
166394
166401
132402
272693
272694
158204
272691
174120
272692
173059
198791
147842
86797
46221
43601
73503
56455
251657
42864
41675
78816
25624
96532
332181
97455
2401
176189
218879
218880
273052
218875
120
218881
15911
305719
254699
254705
255139
255138
255125
254674
255142
255143
254701
255140
254613
254598
254630
254629
254631
254638
254640
129186
254600
129377
255073
255071
255074
255075
255076
255080
255086
255087
255093
256828
255109
254652
255117
50413
71179
33339
168099
132580
203971
275144
78043
272230
73515
73519
87562
208059
73516
111690
216806
73517
73518
62259
78044
301960
79125
79131
251627
32669
251629
251630
251631
110496
164585
275975
275976
275977
50076
57685
215803
240502
167648
174677
118632
200600
200599
21667
354658
221988
214165
10521
175133
150310
59072
168051
334089
220033
129097
129093
129103
549596
326385
189881
246347
332018
276195
52333
64268
82842
162100
162104
162105
272202
172933
48602
54308
172934
132699
132698
272363
78105
48610
48611
3010
48606
78106
48605
35295
116605
330688
219410
116616
109549
49728
52477
47276
139668
71107
267880
75311
172949
87748
3822
54859
52446
90106
34672
267186
132676
332288
62273
186609
47284
98108
11373
70995
172940
219412
109548
25706
219418
65518
219413
72724
330695
45164
116614
132669
132670
132672
3296
219407
172945
47726
144336
78090
18172
44942
52445
116615
132667
65519
69467
87747
132671
78104
272196
144337
132693
144338
132694
144341
144340
78102
214169
162091
162090
162088
162089
162097
219428
172951
44949
65537
65537
168050
54663
205322
20350
236918
109543
2957
48616
15584
48624
2958
164173
21971
220984
194354
194353
131506
220987
151139
328813
16408
275148
129480
235205
206379
177281
34171
274119
97638
87746
132679
49915
71635
267191
51464
172952
65531
88542
99840
56134
70993
5474
272208
98109
15735
8048
73535
132683
213386
155431
246900
246553
132689
48598
78103
47566
160387
48595
48597
3021
18954
48598
280455
3515
132688
57909
250619
132687
152367
87422
172954
132684
78099
219432
326347
330705
3200
144351
155433
155434
144349
155438
155437
78092
90108
132686
272220
87425
152365
152366
219427
144344
46916
46915
107247
107250
290671
129145
129144
314617
146162
146161
146158
146160
323478
143757
48339
48340
312241
14051
136388
51958
56131
15549
17929
71636
138228
344816
365990
28212
256592
202468
369796
158470
236922
389733
389737
383719
78411
51181
42386
204293
328248
383717
370629
389762
361759
363576
144617
357463
353250
312694
416811
118427
691254
133051
395547
389740
84874
275158
393600
26526
116607
434199
347860
218877
131507
425631
416840
388449
204448
422594
376915
207983
60678
305722
387071
280461
369795
389240
425603
112753
78252
371081
69434
416843
389743
372216
257239
257240
77118
389746
351397
389765
383303
236907
327663
425627
309114
78626
328818
389242
396999
262862
453126
280458
215224
389383
447475
447473
394705
416812
81267
60863
385957
323456
217286
388489
435882
426898
225313
434192
84869
391137
426902
442979
314592
384857
426894
388115
447944
93539
365775
389756
388121
440318
309137
420057
330889
225288
162132
178115
400751
392887
365787
395554
478267
308334
470896
107719
301963
295186
384864
466710
313496
276975
318876
92277
301964
371121
78414
220979
415957
466713
436436
394704
331276
440173
487497
466711
76318
332284
35477
394706
78416
421792
330690
402052
131100
383736
421794
169402
499916
514490
215059
250618
398049
483025
309118
265773
116877
107242
266555
266554
64395
266556
209682
209681
272859
446075
22107
162735
19693
340534
27029
371080
19915
57741
69830
69824
69826
65174
65175
202484
28211
28213
28214
23356
79692
79693
65184
65188
65170
65164
65162
78420
78423
78413
65130
65144
65132
65148
65129
109274
24840
14456
48477
48119
27364
87404
87408
19761
215062
54492
30594
49646
212460
94985
212462
383715
85460
383716
323475
56393
55818
416815
97270
106432
106433
141001
325544
52278
447941
54
184125
372217
99264
156098
156104
389419
198822
12988
12989
76335
269726
142816
128771
99354
272847
103790
309167
309135
290667
15143
142060
271992
323135
75349
97082
74182
98796
60300
82885
47002
60580
44920
10821
3264
34912
108492
3259
35742
328755
218005
274098
52355
142344
11678
107972
87618
107971
218301
43355
138715
43126
43127
107674
32926
71476
374715
72641
171179
107621
78250
130867
159011
31837
265301
72617
263522
53408
51006
168558
327425
56634
62053
172110
56635
376585
63669
57562
172111
243216
72257
184522
323444
87678
55824
504
167745
15493
62365
115643
25707
130250
65374
65373
65371
65368
391118
107522
44902
47053
164364
178114
397798
321457
357563
78264
256101
256098
159007
263511
274112
256095
265309
329667
50950
218981
63846
26157
3865
218998
218963
47373
219014
48734
60803
49034
327662
113952
62133
61991
72250
130286
48653
92259
169397
87116
26626
273416
50596
26767
49024
48490
2776
217991
217989
115922
401016
115921
392888
392882
41782
41791
41790
337684
106198
273696
382379
382389
83822
268013
329389
64362
273865
78564
267661
31832
337649
282466
261318
261316
48281
48283
43839
87139
282355
237542
45550
35726
35722
87767
87768
87143
35727
48288
48289
43830
204292
204291
400747
265244
267334
267335
218847
258077
216857
8721
268018
268019
207982
78562
389763
389767
389758
196293
389745
218853
369794
148116
266578
72650
110735
217104
217103
26292
225589
110746
131245
168711
30632
72663
72664
155456
35268
35269
11673
395531
342606
225300
225282
209550
263531
397796
55033
330927
272223
134636
217290
142940
217293
331284
331285
142937
217291
271980
104522
333445
251650
185132
116691
44218
43918
227143
441599
251462
305421
48062
62623
63107
327367
267190
203999
160545
126667
126668
105335
128020
159153
150699
273242
163158
311996
294391
321711
229805
77276
233450
206286
206287
2577
77447
77446
249319
84130
159195
208152
86599
84131
84132
86916
86916
166405
166408
95781
84140
217661
202504
274489
396961
271950
272698
198751
272696
198798
217681
173062
272703
328059
271951
271949
179969
96530
179966
20133
56454
88862
186963
1020
218876
17574
273051
255130
255133
254676
254661
96667
65526
53875
96669
96642
96660
134440
348683
254632
254610
254620
254603
254636
255101
255096
255100
255103
216448
336187
129403
336188
2695
169464
21246
21247
12805
357526
167987
217913
171990
33983
71180
389587
129394
251652
368767
270567
116303
372600
111692
111691
272231
79120
146079
79130
146077
155732
212906
11429
110719
110720
110721
110722
254743
186918
186919
186920
184241
184242
184243
184244
275973
115854
63343
128874
81634
191469
159253
207642
274806
120163
270381
128498
128500
265886
196357
258222
134241
215801
215799
248031
248032
73681
212904
50608
46312
239336
239339
420943
55994
55993
221994
166090
166089
186717
318878
332028
311378
322918
332013
170252
332167
332005
106576
71092
332021
186183
332011
62190
178060
420937
92022
368584
105017
35646
272200
363583
267187
172947
327342
72042
327338
408149
327339
52444
259541
116610
87423
5416
35535
62368
392939
330701
267188
363581
132660
48618
48621
77699
365992
17930
25341
28374
136387
86865
293691
117307
29612
220005
220000
24757
250934
78145
78097
368371
160536
160538
320477
155432
87421
105313
188083
48596
116609
147564
376552
144352
155439
11732
216819
216821
21902
53085
2021
327424
93636
93635
93637
93476
25165
299972
92254
142913
215934
215933
215936
133533
328993
416319
419658
493372
327749
309362
330303
419633
419634
419630
491574
43841
76440
18346
264234
389416
358648
487295
257559
61155
427338
309363
520344
463408
183
76477
478311
478313
156096
457549
490040
484395
522381
456966
110745
329653
522051
398050
255713
47402
390817
48767
160534
554618
327748
162734
274103
25545
414127
132665
267125
57529
563902
563903
130493
272218
280988
82844
168568
398048
60679
209683
445518
397358
294832
328820
538447
478371