341887
214166
732299
451873
640222
144337
47726
144344
107241
678174
746460
220990
155438
156207
396780
453591
354654
654124
396998
45247
73623
32389
25688
73566
44581
73567
314591
495383
255137
254674
371314
308201
202482
218982
69639
5503
150713
150714
364595
266313
308202
364593
65617
109273
722470
701497
720437
390511
4925
692762
390505
483017
383114
77115
765112
639123
716902
561441
646349
393365
79283
612495
605811
65194
35478
395825
78044
78612
60911
349356
78611
151264
313945
196074
220597
757873
447474
204960
177727
168714
168716
61353
214301
401630
76398
389734
349355
701510
716589
609543
576
621252
272961
621253
770037
770034
483385
745069
456479
272964
214306
534000
218851
214303
711037
52477
487531
454460
454461
49035
78507
195501
55817
644888
395544
767978
65178
66327
65181
65169
196377
155899
420768
65128
65134
65147
65151
65152
569097
194360
272196
139669
536386
132667
69467
67004
746471
653607
105581
445518
138152
67001
129806
2958
129807
113953
27739
400747
15932
95429
68071
26293
26918
26292
26586
2927
734694
26503
14720
14721
476213
567901
257597
42564
24842
4431
256592
61154
653606
272198
522041
129427
368371
486041
731863
206277
710172
47732
72602
84102
43126
105026
61168
707334
188075
235108
661986
66314
128729
143757
146501
85460
84131
112773
269730
612582
82053
76397
76532
66313
76409
76392
57873
57874
57875
73903
108621
45984
247480
116878
382373
458298
323443
425336
389765
194391
140352
132000
272084
204993
204994
54038
132002
8507
15145
129819
129818
250716
68568
365994
65138
33053
215066
367692
367693
73628
73631
73573
89298
20282
35740
72638
142336
328745
328746
142338
172236
142337
134429
134430
48908
48907
335899
107619
169400
268188
268191
605146
205979
358642
205977
51858
51859
107970
51860
31579
87670
242284
107676
31581
87620
130846
130847
213289
48284
526698
737020
410469
252284
252282
325562
515936
233513
488466
79123
112287
177725
44639
49727
26917
383737
53833
569015
334348
60396
132521
267337
25986
23994
220193
330305
466714
95927
263482
571619
601019
72139
333546
72649
196073
400884
49913
575237
219009
613171
447451
214687
142369
478365
549598
507806
78275
179098
490039
169478
396762
56395
19173
154193
563882
78311
438350
556047
326394
78310
514972
100511
383711
115636
112291
253763
138717
273572
254592
219002
514974
135578
21047
89772
384388
51432
194393
78312
18180
529834
363628
194395
216171
4931
624279
605145
50718
141402
568342
33976
611514
383301
410549
376891
218970
2536
166399
132574
481397
263485
392891
569091
509196
355263
512496
11402
135676
237607
556055
438820
342975
299462
478410
252283
456902
129416
348969
484394
349354
537640
31372
517488
628640
478384
218964
526699
369098
309375
517318
623658
141171
185406
180438
488684
546347
216860
451611
426896
478320
329436
440320
57526
274268
158597
65168
128727
2774
254649
255104
215067
220357
72642
138707
330136
1442
19818
1805
145951
33569
201928
43676
108031
620931
467771
254937
256103
619093
256104
133079
131025
256105
133080
258086
17150
10015
138119
17151
130249
10016
17152
255477
5896
42812
324744
81597
168998
107689
26788
34013
92498
145953
2299
145952
145954
145957
28401
425622
444
167748
107512
60910
141302
716578
170371
107516
376288
26424
72258
170372
107249
325533
130863
397232
10017
3915
620
60907
323493
313352
313353
81593
48999
3914
42813
31835
5436
10019
10018
145947
145949
115670
241484
166747
168559
263536
20200
243522
32068
1854
32317
865
62096
19757
18170
15068
280466
276642
262865
178112
47585
164365
167357
262866
55372
55370
97297
416822
365129
48905
169401
55365
48906
141294
48915
48916
115672
115673
60913
65495
48914
115674
267326
161728
258968
258967
260184
2132
256112
139204
177724
67817
177726
139205
108532
256097
29743
3654
263512
168571
159005
389237
137723
3655
167355
475786
218995
2138
218984
218980
218993
218978
73905
73895
73894
334781
396764
73898
266884
73896
454459
625764
198696
198695
218946
218943
4969
3181
3794
218948
218954
3912
9984
266878
44729
3255
522050
9703
329649
263521
248285
142055
142056
12048
201996
218583
310340
127111
117928
132
390815
84965
54816
54815
23857
1010
54818
52303
23855
367907
54974
61999
142382
144630
78093
389996
395551
47005
141004
507805
92502
166081
166082
166084
166083
218965
623031
166746
201925
383731
107244
130288
753768
73494
487549
112296
112295
142817
34464
8318
143447
4746
2387
358655
50287
105580
266889
166835
425333
2775
48661
48795
236082
77746
236079
142957
34481
229803
691263
549599
26627
289486
26628
50849
112325
50327
678600
49093
667231
81594
18388
648155
3635
743536
266956
50485
112338
50991
112335
48923
4923
2386
93710
24381
77917
636784
113951
8503
28142
129
201926
430490
385955
219000
33051
314659
204452
137084
44421
198683
198684
198685
48801
12636
115676
328395
198682
353661
327173
327163
198681
347861
198680
327175
198679
198678
216166
216165
216164
216167
328392
166832
166833
143505
478274
142363
702141
328394
328393
94853
73603
97473
140907
205708
133408
963
246166
128909
128910
78560
29850
341
1012
29849
1726
1105
35821
30124
53772
35820
148112
148060
148061
78563
108518
53765
53766
49962
76531
573368
31833
31831
267657
159002
155797
35735
35734
87136
563884
35737
335434
35721
43837
127651
57818
57817
87775
87776
87777
87780
53773
155802
155805
257232
60760
35728
87124
35729
139695
139693
131241
131239
131237
131238
168715
168713
294831
141741
258070
258071
216859
216851
298992
216850
216848
2826
60859
45565
677825
13283
13284
354340
168706
168707
389769
131233
131234
148049
131231
148059
148058
148057
148055
148056
131755
135588
131254
131253
135546
97487
391067
735714
554358
218945
271805
216846
216847
216845
77567
77566
258078
50722
53453
50721
50719
49776
547080
110734
253739
253738
106008
78176
148248
148249
216265
216263
216262
253736
216272
2914
30805
368530
563405
342580
162140
725975
21309
14554
708853
84135
268165
45566
327365
207985
401003
147841
72829
96528
515916
497001
27174
160542
688768
340532
688769
50851
105312
605140
189149
201158
721359
241465
54506
633895
72151
412367
633894
391055
77445
61157
326343
383703
84122
166394
713769
272693
147842
43601
398017
25624
92021
96532
328946
32177
55850
212713
643914
503006
563760
549601
254705
562550
254701
82803
254598
254630
493579
457585
254631
129181
254638
129186
129191
255076
219001
758001
255086
255087
255109
254652
2403
168560
127662
127661
131649
332577
127653
131703
127652
127650
78043
331578
349351
13073
222155
216804
216805
73531
94906
475789
475788
77119
497002
606374
389385
573366
601054
166400
537638
612873
716922
59072
309376
604061
332018
442301
487530
25457
141742
396770
82917
692950
116605
469598
517287
562988
389418
75311
147889
172949
87748
525051
332288
62273
406618
219414
11373
102567
172940
383702
383705
219418
691258
618408
132669
132670
611063
629205
3296
112337
144336
78090
258632
473753
137718
491575
491578
491576
491577
330706
527
162091
162090
309170
162089
167986
172951
87427
363584
135286
21971
194354
138470
131506
151139
328813
330947
194361
131505
216818
177281
97638
479428
71635
571481
727438
65531
763587
88542
445512
98109
731882
15735
393595
73535
132683
246555
246553
420076
48598
391375
18954
3515
220194
132688
718221
253260
132687
152367
612594
326347
330705
3200
611850
155437
90108
132686
87425
219427
107247
107250
23833
290671
129145
314617
146162
146161
146158
146160
131099
323478
48339
48340
14051
201162
326384
344816
330948
316807
625460
71692
391175
679588
216266
645003
340197
14672
490038
76338
613142
613146
613147
644890
478017
445905
489535
478268
641547
142356
612576
490035
426895
479412
383305
506148
490036
328747
214302
21602
376310
492141
631915
416816
620751
255476
389733
383719
383735
383732
383704
383706
371115
248225
611513
602935
216800
35483
383717
75220
42359
305720
198484
389762
106204
688794
650134
650135
361759
328947
44584
646350
142343
132691
2425
487498
487499
542139
683674
255092
549518
391074
84998
537617
537616
291644
263483
624281
565866
537627
309127
175460
691264
509193
384831
505686
563869
611849
614072
383721
563868
76319
42655
403251
52697
541218
541215
388108
621854
327174
353250
233521
738401
479021
358671
255084
255098
384865
132577
564966
275158
728392
434199
347860
420774
624310
72883
254271
131507
383302
31584
707325
237697
457584
517146
204448
313355
612488
257237
509842
391057
383734
382866
562591
563886
372828
743524
444325
438699
172240
282172
280461
216803
139922
130213
65159
144332
660633
425603
255254
257242
371081
160849
69434
416843
649655
389743
389744
87409
41792
254702
271802
106206
619842
351397
383303
636785
135581
559185
645232
620711
127663
445906
361478
383741
337930
650136
262862
132529
79122
328814
329437
271803
392945
391140
517148
562642
50240
488257
32925
75228
280458
313513
391144
709856
723423
215224
561500
680939
479410
675113
383727
447475
394705
767957
539358
416812
604954
427364
741658
142395
367908
161594
745061
28172
60863
419135
312054
440319
493578
613143
614272
275691
423818
477246
383733
536507
445908
53774
689019
549620
542671
389741
434192
487370
731878
447452
517302
520343
380967
314592
423817
423816
256106
218587
440318
467740
309137
330889
225288
365787
395554
478267
384864
328806
499894
301964
478276
486784
166834
394704
50273
327145
383724
440173
112300
425625
389742
314593
76318
209753
400748
60579
389766
334706
478266
76386
452455
256635
72145
95436
131100
383736
382857
340244
314647
499916
257241
77558
389748
479426
478254
416808
216172
271797
483025
107242
27029
371080
65188
65144
65148
65129
215058
383715
383716
323475
106432
106433
54
184125
372217
99264
389419
12989
76335
60580
328755
218005
107972
107971
374715
18000
159011
72617
167745
15493
62365
115643
25707
130250
65374
65371
178114
321457
274112
256095
47373
23853
26626
217989
382379
78564
282466
261316
43839
282355
43830
389758
266578
110735
216261
342606
397796
330927
227143
311996
294391
233450
77446
166407
271950
272698
271951
179969
179966
88862
255130
96667
255101
255100
129403
12805
33983
79120
146077
420943
332021
178060
116610
87423
5416
48621
365992
17930
25341
136387
227784
320477
116609
376552
2021
118112
56853
314650
26388
73570
492719
487287
15447
61354
447940
345169
156399
94683
103364
266191
416319
435611
270057
4936
216173
383720
16926
479427
383312
218958
474676
266877
445911
60544
274529
478750
474680
258881
80877
392958
45568
76343
50848
383707
219370
218953
172251
130792
209633
76440
477244
454481
133524
385954
427365
129192
17571
383308
30882
266873
78629
81110
374716
61155
543463
3730
427338
420772
520344
391056
476212
263504
542155
272085
476506
390816
146159
426899
169479
263529
403250
522460
482235
293396
487288
490040
159013
522381
134921
438831
124680
255475
209627
170248
78314
91310
129219
219019
47402
132674
216820
522458
538413
252285
334344
25545
225332
168995
509191
484367
476526
212404
33177
168570
395552
45567
480261
130493
65541
490041
66334
275693
514976
136210
56062
383726
479020
434191
222157
294832
494589
82054
480459
426889
395549
379916
153052
397359
372827
54503
383722
373789
373781
474930
161574
504363
485225
477245
135543
64811
502448
194357
146078
25241
25243
65192
20588
25242
308203
168385
168386
168384
13500
17623
49865
51214
332005
3215
3216
354658
65187
24841
133554
30591
26162
549217
54659
30424
77550
25734
216821
65537
453126
4528
98108
455855
78425
65150
65135
65136
65149
65133
35736
61855
66990
22476
53454
129805
53511
12607
440
53825
12986
131246
76320
12060
76328
76325
76407
57878
48479
46019
33947
25652
107675
482553
384535
44635
166604
373187
569017
217912
140862
53826
254478
62006
254618
13715
2638
584
280043
45994
45573
7916
30884
452409
267165
3206
117927
92206
88606
72256
48050
329666
12923
25415
12925
422
49366
918
19079
48556
43314
42952
762
342
35264
520399
87133
60765
87770
45545
49964
614446
475
644
12057
12058
25733
78561
27778
72661
72662
49368
60857
60858
32034
32033
181
12059
32035
32037
20699
382862
72902
20703
9918
258617
647130
87560
172683
172698
172697
271752
639127
185076
233447
158204
272692
46221
251657
41675
176189
218880
220020
218881
129377
33339
73515
87562
208059
73516
111690
73517
73518
62259
273407
216802
73532
275975
275976
275977
150310
168051
246347
52333
82842
272202
691262
49728
47276
25706
144341
16408
34171
87746
763586
78099
144351
46915
136388
51958
15549
17929
674195
42386
379763
618718
216817
490846
26526
116607
219536
207983
610789
394695
425627
400749
275692
362516
618132
216801
426902
325735
308334
453212
466711
121911
23356
24840
48477
63669
130286
41791
64362
35722
265244
267334
78562
441599
305421
77447
84130
208152
56454
17574
21247
275973
186183
267187
172947
29612
21902
53085
503692
135820
2134
58422
425628
28993
57471
5313
65519
51819
18315
183031
140863
520366
66712
115909
98552
282055
48530
4105
24673
46672
382415
3657
220350
555695
1786
21580
51478
43602
32031
32032
1147
599
33904
116690
204723
56455
218879
120
719659
129097
129103
549596
758704
739114
363576
508870
118427
376287
387071
107459
350816
49646
156104
855615
13077
49733
12924
563767
5311
78022
272691
158470
563762
79121
494586
42388
321711
183
401004
132665
137789
470896
318876
691261
691254
478371
14714
476872
476876
82845
657119
448429
57819
219511
167990
46810
215081
139207
620717
400925
218876
376875
52277
105281
611588
225342
522051
389384
35723
35726
110767
72640
92259
611480
575358
793745
525393
766447
766448
314648
314649
505018
204959
134440
17095
47002
394533
479429
232849
60575
391106
391107
718010
749629
97475
77276
11216
28213
280460
46337
79693
65146
3260
509195
612658
486496
129182
73643
84961
107623
273051
2401
247011
58494
469613
647856
323476
31577
767056
116689
522318
87764
604961
141401
421792
330710
397281
129194
218944
142914
769514
88607
98129
422594
553061
128498
138715
332981
299127
358656
128900
48652
65370
168996
217491
130850
4932
251538
355727
726742
383718
657120
720195
57858
263505
131248
48285
95931
24999
743521
215061
767971
56634
65190
605141
450747
624980
730672
96527
79129
554353
567033
567035
119455
65195
48478
213386
155439
107969
66312
409794
611071
78504
309142
117335
647556
131302
48631
391142
563822
767973
341177
554619
73909
65166
84129
388459
248031
248032
327665
89811
331731
638435
3252
256593
697490
503
255140
255142
325555
624277
614075
563873
391120
454551
556028
186916
454463
563766
789274
116691
116679
358644
352579
395826
327413
535311
716921
318239
218586
46336
216168
118113
216169
130849
4933
254700
162734
730663
263503
188076
647555
425332
212406
774040
683995
216849
529557
166405
78565
218609
218608
8322
727929
727927
168569
388133
388132
611946
397324
509177
325551
383729
416810
383723
618406
604966
142058
420068
712021
455194
47587
87130
604963
730871
692761
726744
639122
138978
454517
454512
199118
710171
607961
828341
738746
379156
558275
570604
442976
17999
28374
725976
364598
5482
219020
218957
218975
542141
542142
542151
542153
392888
509192
274506
654698
480210
518421
614317
472631
636781
613144
716592
357463
158469
73621
509722
662520
445520
47053
73503
125453
21586
54663
31573
169397
109274
830259
403232
62623
34466
374922
65160
3253
256092
388486
445904
701498
469594
426884
728908
61358
97474
50845
89643
58201
217661
257053
408765
41857
260183
160595
31838
92257
396999
82913
87411
327349
746774
314653
219932
689972
544853
426883
426881
426882
756975
656557
73904
219021
43127
436861
196293
292367
50950
495370
171180
794821
75749
69824
455377
75190
146079
64812
470987
396783
466713
420769
293406
27258
198793
84123
565739
280463
393566
632313
385957
534432
534433
65186
620224
455853
542164
389763
389760
724995
724992
95224
673237
48119
2385
445517
445519
201929
198749
204894
830839
329435
3729
729091
92156
28439
490635
301961
538442
439295
619852
219004
638136
67213
124631
312039
389756
383299
112140
521958
727924
715774
562538
562537
62123
118109
691266
160545
763719
488443
601024
342609
342611
494587
480262
566437
727918
517149
66337
76327
76391
387079
314642
314640
801571
142099
391076
521920
110746
391371
740178
76421
111788
111787
111790
111791
104255
104260
104261
83855
494584
793753
263542
220002
166085
495379
623634
272890
72138
551673
253762
365990
732738
65161
613149
13877
217915
340534
416838
657117
31839
41666
312242
312241
514966
46735
20701
255081
691240
612599
87790
263531
727922
132660
571062
571063
347282
216146
3254
567095
382392
396328
640036
619311
538412
9983
265902
313496
426886
258076
258077
225300
111789
14534
240502
476875
476874
476873
162096
162095
759445
759440
327664
327663
488260
731862
330707
614069
325675
620908
169464
66326
727926
400740
604958
487537
640035
213760
688782
688770
688772
555147
287222
57909
220607
69669
50889
60914
738391
4922
567911
213771
710155
710159
739691
5216
378638
90819
327662
619309
73565
73637
267667
619314
147844
563410
275974
41782
113955
446075
358643
271971
44862
399715
490037
795579
158300
158301
825825
825826
825827
825828
1780
325736
707338
724886
142397
833473
397358
397357
170483
495374
274115
202484
272208
14584
216170
8320
707339
447942
427366
341912
512979
757476
488381
115669
132677
416801
354655
78145
85565
633896
274114
273053
135819
479405
129093
416805
14919
309169
47003
770021
2776
79130
185077
547997
65154
175457
702145
236915
756782
350817
143446
644729
380973
78236
555145
58369
106466
55818
613148
148053
276643
554618
78506
327425
492717
5474
551669
50961
218962
396766
218985
22318
155799
644889
847117
55367
447453
21663
774762
218849
61947
758268
849749
87792
265720
644891
8691
254620
480255
494599
640499
108140
488262
354657
314657
33179
33178
522454
391372
522456
522455
488258
488259
611499
488261
439293
43355
87404
274267
730863
268814
765900
42832
42829
204992
364
329665
79134
79132
79133
49963
65494
390773
254599
710153
480259
780294
683962
503663
727932
474932
389227
97455
215934
116042
103037
267362
517309
145137
220520
784552
478318
571865
487289
738723
631086
676436
331579
623659
395555
368765
7286
254600
31370
13731
14327
14323
1208
4348
4351
4366
1207
255075
171992
73642
73579
734693
105985
515932
1296
4363
723425
220595
87793
627699
774731
207580
290992
568821
110732
110733
449705
144629
106003
807671
747454
272653
56386
78508
8721
719636
303741
741899
719737
606504
43836
549501
46338
46334
46340
17575
501746
168573
107715
389736
575224
814924
715775
487290
27057
21584
266886
88222
604967
163158
691248
570319
686675
94902
52698
790203
212712
382387
348236
348237
153054
29852
735172
415180
709860
159012
710399
79131
79127
258072
266874
852301
727921
847104
712376
68681
263501
73644
730861
77305
507804
612276
272649
97059
5780
107618
389238
536388
420937
562944
62190
255102
214169
396951
65518
155432
611153
55806
371082
166831
491131
131093
3021
118586
569103
66336
42384
144627
82624
225337
382863
571597
369794
128903
845962
71631
829577
829582
128908
830840
698406
148115
53545
833493
48636
716926
617603
637541
652907
632311
465424
45995
24739
637540
631317
270431
571480
481269
546543
51006
478299
390005
254714
255143
328741
34521
559215
309365
735180
275517
219010
60915
249336
722471
65184
490443
743132
740256
620223
11679
161602
265719
274102
478291
557560
758267
771952
51180
186581
509194
492718
78273
855670
159006
216279
337490
805375
136908
731891
833530
138977
494594
843302
854509
31396
95572
809769
603694
506277
225311
33946
162964
669578
393598
830273
900430
57524
19691
35738
141400
132494
474502
99354
342603
75233
8761
334102
334101
413876
272323
369796
369797
393597
85004
96669
844150
31829
604962
4525
45074
537626
778179
719646
112753
876096
262861
827603
692794
880141
132520
330465
451874
656558
116608
918883
726996
479416
95454
556037
350814
453107
384832
745034
455376
627965
613145
452164
396958
504
41887
205978
135285
132273
50285
137724
73578
534072
172110
564965
758265
877405
897319
388128
309366
412366
143584
611580
198686
575356
878055
568203
106352
838858
250717
685077
863251
8418
454515
443264
691256
243515
855517
833492
809768
744222
265721
476528
550006
697533
643911
373186
861001
487528
44920
156099
765527
8401
212940
212942
678792
78816
388114
512035
19826
736368
58093
78172
833382
679604
248242
318456
61997
479425
76387
371114
328785
158598
832669
196072
874765
816357
379919
517284
442981
364592
364594
3262
445922
844915
631318
631316
826520
826542
542157
631313
905474
905478
905473
905480
476867
779555
18294
390009
254591
106006
904855
488250
274503
209628
106347
373180
79692
216861
137621
137622
312563
198487
767267
324581
69820
694258
715776
913414
92205
4934
6339
562969
464200
212943
155798
628415
645408
564961
613139
46916
216267
736374
91454
911859
167987
757881
72146
87747
843442
22317
132335
79711
657122
877386
556031
556030
556032
556035
671010
32171
255255
621951
517316
683956
395330
688774
419602
110601
382347
139206
569891
311317
784138
784137
620752
930325
496061
556033
770561
258959
913213
431435
75344
721271
2504
845493
601002
218877
517285
333686
893821
809770
777081
287255
47503
76412
229802
35739
546039
253761
828928
48653
313935
689100
46811
509550
431419
821311
372562
604473
721274
625765
355093
787236
452397
413338
202683
69826
110019
65162
65174
203972
735200
737021
712377
280451
41769
565522
110379
900306
756875
600116
887048
924723
87671
783887
426897
426898
282356
220195
427502
134439
850512
850523
850521
850517
829011
850525
680688
307548
333687
447943
470889
251631
251629
251630
251627
509180
199119
514975
21588
204073
509551
517283
214807
368767
328820
522280
292373
256093
561479
563935
725022
271801
726751
383695
155431
388102
517286
477743
968264
388103
612493
108686
866179
302738
302739
302740
302741
302742
848707
844156
390775
748452
155800
728266
225313
225313

888580
688773
218973
365731
738745
738743
827559
132685
212936
383304
60906
391119
328248
956270
392882
78177
4926
827134
488252
569716
28212
809771
801572
276305
161452
125434
141739
439289
517465
847548
563276
254660
261529
447473
872526
634654
747710
104517
916473
601111
884699
254603
611501
397795
142387
93481
93483
93474
678601
14456
43354
374931
627150
167356
131648
400715
571061
746773
45572
381906
107719
766065
905944
426891
537620
219432
48287
564400
573012
619307
254629
95571
31361
747495
48734
60803
330303
490444
60300
563903
969513
409803
561452
65306
218981
340224
502443
455383
263527
763709
858776
307663
490232
44730
644342
722475
855027
174677
141346
35384
8323
8319
711036
521553
3221
654104
654101
216819
563933
416805
58170
44634
32360
135304
273052
148541
815396
131242
194388
194402
197176
58167
134920
66710
178985
178986
178981
148536
148535
148537
148540
334687
334688
334689
178991
178992
178990
178989
178988
81305
81304
135299
135300
197180
197179
197178
161473
161474
549252
735671
81306
148538
148539
148542
81303
66711
117753
44636
58166
16566
58168
180667
125432
416815
282053
172935
91453
916468
430997
977991
738285
882891
927904
970659
178314
996998
204239
139927
558096
927905
397284
705921
705850
644192
866609
863292
781011
64268
725023
601115
132944
108492
833443
10806
600413
74180
266960
412675
415569
30089
864431
171512
453112
885866
990751
537628
911841
861013
247325
659650
443513
861012
84962
437255
16545
254932
32309
794291
648226
658419
702779
1016416
95427
166995
870196
613205
760533
897765
255141
254710
995376
389224
633900
719665
719671
391071
682895
177728
332181
236898
716591
756773
509996
731104
992645
33976
95455
823855
737350
739192
142060
213763
932104
381728
958286
478269
731970
478273
354339
391129
789821
880122
218979
958560
399116
218963
520397
309565
723554
369262
49757
266881
45864
639770
822142
399732
224992
965722
873725
539498
413090
218006
443268
571320
73572
994643
763156
253544
308200
604770
160387
160388
93534
243307
93589
861693
721462
1031076
97082
659383
129144
552352
456948
769657
877406
383307
604065
908068
895633
1057609
29999
52355
328789
25484
395556
453098
559404
173344
972471
847050
972472
147843
4000
222158
1023561
972468
118877
843303
992711
858931
842990
992400
992398
992396
992399
992426
985068
1025082
76337
218994
752946
735174
502184
332796
993721
721879
575355
887049
618819
1007882
436402
309131
19693
327292
79286
482231
750274
632437
644538
399714
73906
218968
860924
860923
877391
502954
969503
992388
864528
957022
166989
166997
863320
982434
132483
487534
141010
474675
248682
323646
131232
48283
48282
87137
87138
87139
482554
482552
644343
162097
34661
783968
934408
934409
934407
934411
687364
452404
333543
688776
744926
934423
934412
937678
934424
372608
738652
400951
400950
567097
872086
973934
218986
838855
878646
878645
569728
735173
723931
330306
1041190
497372
188087
396765
730057
761026
850519
850527
850509
956263
497563
998783
851865
888111
888095
41785
328749
998270
674131
514525
627705
998281
911770
627375
866289
762130
762641
863218
34582