341887 null
214166 59,50
732299 12,90
451873 325,00
640222 96,60
144337 null
47726 55,00
144344 315,00
107241 386,00
678174 1 841,00
746460 134,00
220990 299,00
155438 2 279,00
156207 111,00
396780 615,00
453591 314,00
354654 98,40
654124 4 640,00
396998 47,00
45247 113,00
73623 784,00
32389 118,00
25688 144,00
73566 814,00
44581 127,00
73567 826,00
314591 131,00
495383 180,00
255137 344,00
254674 null
371314 200,00
308201 1 163,69
202482 696,12
218982 1 795,00
69639 343,00
5503 6 122,00
150713 379,00
150714 379,00
364595 549,00
266313 521,40
308202 548,67
364593 549,00
65617 315,80
109273 744,07
722470 27,40
701497 185,00
720437 189,00
390511 189,00
4925 198,00
692762 499,00
390505 329,00
483017 306,00
383114 543,00
77115 5 708,00
765112 288,00
639123 597,00
716902 537,00
561441 3 295,00
646349 648,00
393365 76,40
79283 343,00
612495 null
605811 145,00
65194 1 422,37
35478 1 317,62
395825 61,40
78044 815,00
78612 118,45
60911 740,88
349356 279,00
78611 116,70
151264 46,70
313945 314,00
196074 650,00
220597 43,90
757873 140,00
447474 9,20
204960 null
177727 163,00
168714 29,90
168716 29,90
61353 98,20
214301 31,20
401630 null
76398 2 504,00
389734 27,30
349355 179,00
701510 79,50
716589 45,90
609543 280,00
576 89,00
621252 240,00
272961 11 305,00
621253 1 035,00
770037 1 852,00
770034 60,00
483385 635,00
745069 399,00
456479 239,00
272964 13 864,00
214306 29,90
534000 1 100,00
218851 74,30
214303 21,90
711037 488,00
52477 43,90
487531 340,00
454460 null
454461 null
49035 57,00
78507 315,00
195501 4 990,00
55817 63,40
644888 164,00
395544 301,00
767978 73,00
65178 1 444,50
66327 1 313,27
65181 null
65169 738,76
196377 295,00
155899 511,93
420768 389,00
65128 685,13
65134 685,10
65147 778,49
65151 787,28
65152 787,28
569097 128,00
194360 36,00
272196 46,10
139669 33,00
536386 8,40
132667 73,50
69467 102,00
67004 51,80
746471 null
653607 116,00
105581 433,00
445518 648,00
138152 567,03
67001 43,10
129806 249,00
2958 42,20
129807 249,00
113953 113,00
27739 248,00
400747 151,00
15932 138,00
95429 45,20
68071 139,00
26293 70,30
26918 231,00
26292 70,30
26586 148,00
2927 693,00
734694 51,20
26503 148,00
14720 98,50
14721 87,10
476213 151,00
567901 1 818,00
257597 137,00
42564 137,00
24842 935,42
4431 2 462,00
256592 3 021,95
61154 438,00
653606 324,00
272198 108,00
522041 169,00
129427 1 109,00
368371 95,10
486041 4 618,00
731863 85,00
206277 219,00
710172 62,80
47732 56,80
72602 2 046,00
84102 226,00
43126 419,00
105026 315,00
61168 349,00
707334 350,00
188075 259,00
235108 32 893,00
661986 149,00
66314 72,20
128729 101,00
143757 54,00
146501 3 255,00
85460 173,00
84131 2 460,00
112773 990,00
269730 1 402,00
612582 255,00
82053 677,00
76397 1 753,00
76532 2 780,00
66313 168,00
76409 1 627,00
76392 649,00
57873 21,20
57874 14,00
57875 16,10
73903 1 459,00
108621 496,00
45984 385,00
247480 121,00
116878 329,00
382373 81,80
458298 1 048,00
323443 74,60
425336 3 563,00
389765 63,30
194391 3 518,00
140352 26,70
132000 32,50
272084 null
204993 89,50
204994 133,00
54038 17,00
132002 33,60
8507 611,00
15145 158,00
129819 76,60
129818 69,30
250716 214,00
68568 84,90
365994 813,00
65138 685,13
33053 144,00
215066 450,96
367692 991,00
367693 991,00
73628 718,00
73631 1 010,00
73573 841,00
89298 2 130,00
20282 1 007,00
35740 524,00
72638 565,00
142336 195,00
328745 161,00
328746 84,10
142338 126,00
172236 2 928,00
142337 319,00
134429 295,00
134430 132,00
48908 24,40
48907 40,90
335899 265,00
107619 750,00
169400 78,20
268188 2 381,00
268191 4 106,00
605146 164,00
205979 4 824,00
358642 14 081,00
205977 1 630,00
51858 746,00
51859 856,00
107970 2 834,00
51860 2 226,00
31579 395,00
87670 1 007,00
242284 4 190,00
107676 1 722,00
31581 544,00
87620 199,00
130846 687,00
130847 1 066,00
213289 379,00
48284 121,00
526698 12 125,90
737020 11 914,00
410469 null
252284 3 360,00
252282 3 360,00
325562 1 246,00
515936 150,00
233513 1 276,00
488466 null
79123 1 444,00
112287 145,00
177725 117,00
44639 31 323,00
49727 3 469,00
26917 231,00
383737 434,40
53833 5 593,00
569015 31,90
334348 10 180,00
60396 909,00
132521 1 499,00
267337 null
25986 16 318,00
23994 11 950,00
220193 34,70
330305 87,41
466714 58,82
95927 null
263482 null
571619 130,00
601019 405,00
72139 580,00
333546 11 594,00
72649 184,00
196073 440,00
400884 7 770,00
49913 103,00
575237 212,00
219009 157,00
613171 33,70
447451 64,00
214687 2 890,00
142369 1 560,00
478365 429,00
549598 34,30
507806 210,00
78275 4 696,00
179098 13 895,00
490039 null
169478 475,00
396762 637,00
56395 25,00
19173 34,20
154193 null
563882 14,00
78311 1 898,00
438350 146,00
556047 445,00
326394 2 490,00
78310 1 598,00
514972 13,40
100511 4 810,00
383711 40,50
115636 4 360,00
112291 129,00
253763 569,00
138717 3 928,00
273572 8 544,68
254592 4 043,00
219002 765,00
514974 13,40
135578 22 322,00
21047 null
89772 5 253,00
384388 789,00
51432 2 296,00
194393 2 150,00
78312 2 498,00
18180 20 810,00
529834 1 779,00
363628 167,00
194395 13 222,00
216171 198,00
4931 198,00
624279 850,00
605145 null
50718 42,00
141402 216,00
568342 6 990,00
33976 940,00
611514 197,00
383301 489,00
410549 960,00
376891 998,00
218970 677,00
2536 260,00
166399 null
132574 329,00
481397 738,50
263485 null
392891 null
569091 47,70
509196 106,00
355263 6 200,00
512496 279,00
11402 642,00
135676 4,30
237607 30 408,00
556055 378,00
438820 848,00
342975 27 078,43
299462 20 759,39
478410 6 418,10
252283 3 360,00
456902 565,00
129416 null
348969 1 536,00
484394 150,00
349354 159,00
537640 84,10
31372 2 494,00
517488 null
628640 473,00
478384 612,00
218964 345,00
526699 11 527,71
369098 3 195,00
309375 79,90
517318 66,00
623658 999,00
141171 3 410,00
185406 13 883,00
180438 13 990,00
488684 385,00
546347 650,00
216860 255,00
451611 403,00
426896 64,30
478320 79,70
329436 2 290,00
440320 19,10
57526 1 766,24
274268 4 280,00
158597 3 049,00
65168 744,14
128727 1 766,00
2774 197,00
254649 839,00
255104 635,00
215067 528,42
220357 87,00
72642 113,00
138707 440,00
330136 49,00
1442 52,00
19818 210,00
1805 30,00
145951 439,00
33569 372,00
201928 167,00
43676 null
108031 145,00
620931 311,00
467771 null
254937 327,00
256103 274,00
619093 1 159,00
256104 610,00
133079 973,00
131025 20 214,00
256105 1 243,00
133080 247,00
258086 3 723,00
17150 43,90
10015 37,60
138119 44,10
17151 54,30
130249 342,00
10016 47,10
17152 76,00
255477 32,10
5896 121,00
42812 91,30
324744 390,00
81597 309,00
168998 1 100,00
107689 1 010,00
26788 67,00
34013 82,30
92498 1 181,00
145953 37,80
2299 92,90
145952 45,00
145954 37,70
145957 29,10
28401 28,00
425622 1 735,00
444 268,00
167748 20,50
107512 76,20
60910 84,40
141302 369,00
716578 83,20
170371 166,00
107516 85,80
376288 24,20
26424 131,00
72258 89,10
170372 187,00
107249 68,00
325533 116,00
130863 134,00
397232 149,00
10017 52,10
3915 66,30
620 65,10
60907 65,10
323493 47,40
313352 89,00
313353 120,00
81593 112,00
48999 112,00
3914 159,00
42813 47,30
31835 171,00
5436 57,10
10019 36,40
10018 80,80
145947 null
145949 381,00
115670 359,00
241484 3 590,00
166747 269,00
168559 373,00
263536 500,00
20200 184,00
243522 133,00
32068 124,00
1854 181,00
32317 141,00
865 56,10
62096 753,00
19757 27,80
18170 null
15068 57,10
280466 347,00
276642 308,00
262865 89,90
178112 160,00
47585 130,00
164365 568,00
167357 224,00
262866 169,00
55372 155,00
55370 105,00
97297 232,00
416822 80,00
365129 356,00
48905 55,20
169401 53,50
55365 49,40
48906 61,70
141294 30,50
48915 33,90
48916 42,50
115672 19,30
115673 35,90
60913 48,80
65495 276,00
48914 107,00
115674 44,30
267326 null
161728 517,00
258968 217,00
258967 59,90
260184 20,80
2132 96,90
256112 39,90
139204 20,20
177724 96,10
67817 11,60
177726 134,00
139205 29,70
108532 59,30
256097 24,50
29743 543,00
3654 1 658,00
263512 183,00
168571 1 151,00
159005 244,00
389237 null
137723 null
3655 2 290,00
167355 71,20
475786 22,30
218995 324,00
2138 251,00
218984 761,00
218980 887,00
218993 251,00
218978 206,00
73905 839,00
73895 905,00
73894 580,00
334781 475,00
396764 1 221,00
73898 1 291,00
266884 1 264,00
73896 1 059,00
454459 null
625764 null
198696 59,00
198695 59,00
218946 105,00
218943 105,00
4969 94,80
3181 94,80
3794 94,80
218948 110,00
218954 91,00
3912 156,50
9984 164,00
266878 213,00
44729 153,00
3255 153,00
522050 141,00
9703 null
329649 468,00
263521 411,00
248285 149,00
142055 78,70
142056 87,70
12048 40,70
201996 null
218583 null
310340 160,00
127111 184,00
117928 205,00
132 null
390815 153,00
84965 138,00
54816 153,00
54815 129,00
23857 204,00
1010 126,00
54818 169,00
52303 137,00
23855 194,00
367907 null
54974 21,30
61999 192,00
142382 156,00
144630 42,40
78093 409,00
389996 419,00
395551 266,00
47005 605,91
141004 476,00
507805 210,00
92502 1 181,00
166081 51,50
166082 54,60
166084 52,10
166083 54,80
218965 357,00
623031 1 098,00
166746 159,00
201925 200,00
383731 112,00
107244 299,00
130288 270,00
753768 1 165,00
73494 239,00
487549 237,00
112296 51,50
112295 61,40
142817 1 975,00
34464 113,00
8318 165,00
143447 null
4746 137,00
2387 165,00
358655 null
50287 145,00
105580 218,00
266889 273,00
166835 231,00
425333 3 353,00
2775 203,00
48661 287,00
48795 287,00
236082 386,00
77746 2 720,00
236079 443,00
142957 186,00
34481 106,00
229803 1 149,00
691263 345,00
549599 2 426,00
26627 145,00
289486 8 610,00
26628 153,00
50849 188,00
112325 135,00
50327 260,00
678600 379,00
49093 null
667231 1 149,00
81594 112,00
18388 23,10
648155 223,00
3635 32,70
743536 28,60
266956 2 310,00
50485 255,00
112338 202,00
50991 345,00
112335 null
48923 154,00
4923 198,00
2386 198,00
93710 516,00
24381 327,00
77917 415,00
636784 30,00
113951 28,80
8503 18,80
28142 13,00
129 12,40
201926 222,00
430490 832,00
385955 199,00
219000 476,00
33051 144,00
314659 311,00
204452 75,90
137084 479,00
44421 152,00
198683 229,00
198684 205,00
198685 148,00
48801 132,00
12636 202,00
115676 91,10
328395 185,00
198682 124,00
353661 187,00
327173 89,50
327163 105,00
198681 87,50
347861 107,00
198680 98,00
327175 199,00
198679 185,00
198678 185,00
216166 175,00
216165 175,00
216164 156,00
216167 156,00
328392 137,00
166832 208,00
166833 212,00
143505 160,00
478274 206,00
142363 180,00
702141 150,00
328394 414,00
328393 626,00
94853 191,00
73603 194,00
97473 208,00
140907 35,30
205708 39,00
133408 12,40
963 131,00
246166 999,00
128909 18,10
128910 19,30
78560 41,70
29850 12,60
341 11,00
1012 35,70
29849 34,30
1726 22,60
1105 33,70
35821 96,90
30124 null
53772 58,00
35820 332,00
148112 329,00
148060 29,90
148061 29,90
78563 62,30
108518 122,00
53765 126,00
53766 126,00
49962 126,00
76531 3 229,00
573368 139,00
31833 333,00
31831 null
267657 651,00
159002 103,00
155797 28,70
35735 64,30
35734 63,60
87136 280,00
563884 35,80
35737 66,10
335434 33,20
35721 103,00
43837 345,00
127651 171,00
57818 211,85
57817 208,00
87775 191,00
87776 212,00
87777 191,00
87780 212,00
53773 215,00
155802 31,90
155805 133,00
257232 12,10
60760 391,00
35728 49,80
87124 49,80
35729 49,80
139695 282,00
139693 52,30
131241 82,40
131239 22,90
131237 22,90
131238 22,90
168715 29,90
168713 29,90
294831 225,00
141741 4 087,00
258070 40,90
258071 40,90
216859 172,00
216851 57,70
298992 1 725,00
216850 57,70
216848 133,00
2826 108,00
60859 191,00
45565 70,60
677825 288,00
13283 119,00
13284 119,00
354340 5,20
168706 20,40
168707 20,40
389769 15,90
131233 15,90
131234 15,90
148049 11,90
131231 17,80
148059 65,20
148058 17,20
148057 17,20
148055 13,90
148056 17,20
131755 52,80
135588 8,10
131254 17,00
131253 17,00
135546 21,60
97487 21,60
391067 358,00
735714 215,00
554358 845,00
218945 105,00
271805 98,00
216846 50,00
216847 50,00
216845 null
77567 59,00
77566 59,00
258078 4,20
50722 210,00
53453 210,00
50721 42,00
50719 42,00
49776 585,00
547080 417,00
110734 233,00
253739 46,50
253738 46,50
106008 347,00
78176 50,90
148248 16,60
148249 16,60
216265 8,90
216263 6,10
216262 null
253736 3,40
216272 17,40
2914 85,80
30805 18,10
368530 1 622,00
563405 185,00
342580 202,00
162140 201,00
725975 523,00
21309 105,00
14554 55,10
708853 1 115,00
84135 1 590,00
268165 73,90
45566 79,60
327365 319,00
207985 216,00
401003 849,00
147841 59,00
72829 590,00
96528 268,00
515916 2 119,00
497001 980,00
27174 309,00
160542 301,00
688768 1 221,00
340532 304,00
688769 489,00
50851 null
105312 49,00
605140 75,00
189149 28,50
201158 703,00
721359 253,00
241465 4 780,00
54506 539,00
633895 31,20
72151 590,00
412367 11 990,00
633894 31,20
391055 152,00
77445 974,00
61157 438,00
326343 28,70
383703 58,40
84122 1 050,00
166394 null
713769 515,00
272693 415,00
147842 59,00
43601 40,00
398017 101,00
25624 106,00
92021 355,00
96532 590,00
328946 799,00
32177 385,00
55850 1 795,00
212713 830,00
643914 74,00
503006 1 319,00
563760 110,00
549601 64,10
254705 1 295,01
562550 449,00
254701 918,00
82803 2 416,00
254598 701,00
254630 1 090,00
493579 612,00
457585 95,70
254631 1 080,01
129181 1 224,00
254638 1 402,00
129186 2 760,00
129191 850,00
255076 360,00
219001 580,00
758001 149,00
255086 430,01
255087 550,00
255109 1 065,00
254652 890,00
2403 200,00
168560 554,00
127662 149,00
127661 247,00
131649 214,00
332577 259,00
127653 149,00
131703 312,00
127652 247,00
127650 155,00
78043 349,00
331578 345,00
349351 775,00
13073 112,00
222155 206,00
216804 424,00
216805 424,00
73531 118,00
94906 1 142,00
475789 22,70
475788 22,30
77119 7 766,00
497002 980,00
606374 265,22
389385 1 290,00
573366 194,00
601054 69,00
166400 240,00
537638 null
612873 null
716922 522,00
59072 null
309376 79,90
604061 423,00
332018 146,00
442301 292,00
487530 681,00
25457 150,00
141742 5 272,00
396770 431,00
82917 1 589,00
692950 49,70
116605 64,00
469598 268,00
517287 299,00
562988 658,00
389418 539,00
75311 270,00
147889 1 383,00
172949 86,40
87748 645,00
525051 1 880,00
332288 99,00
62273 599,00
406618 39,20
219414 45,10
11373 267,00
102567 68,10
172940 565,00
383702 58,40
383705 58,40
219418 465,00
691258 null
618408 42,90
132669 61,50
132670 62,50
611063 249,00
629205 88,20
3296 274,00
112337 202,00
144336 49,00
78090 90,50
258632 300,91
473753 2 886,00
137718 null
491575 2 257,00
491578 1 420,00
491576 1 420,00
491577 1 420,00
330706 90,10
527 76,20
162091 76,50
162090 76,50
309170 176,00
162089 74,30
167986 1 090,00
172951 629,00
87427 769,00
363584 181,00
135286 4 114,00
21971 46,30
194354 430,00
138470 233,00
131506 60,80
151139 226,00
328813 49,40
330947 145,00
194361 55,50
131505 104,00
216818 113,00
177281 null
97638 209,00
479428 null
71635 85,00
571481 36,20
727438 23,80
65531 569,00
763587 null
88542 399,00
445512 null
98109 6 495,00
731882 null
15735 87,60
393595 16,40
73535 118,00
132683 108,00
246555 280,00
246553 880,00
420076 104,00
48598 46,90
391375 123,00
18954 42,40
3515 49,00
220194 null
132688 122,00
718221 214,00
253260 65,90
132687 87,60
152367 418,00
612594 193,00
326347 23,70
330705 148,00
3200 132,00
611850 1 567,00
155437 3 669,00
90108 69,00
132686 123,00
87425 292,00
219427 63,20
107247 132,00
107250 105,00
23833 85,00
290671 27,00
129145 52,00
314617 58,00
146162 68,00
146161 68,00
146158 65,00
146160 68,00
131099 175,00
323478 191,00
48339 65,00
48340 64,00
14051 27,00
201162 703,00
326384 344,00
344816 279,00
330948 159,00
316807 579,00
625460 null
71692 16 108,00
391175 20,20
679588 5 450,00
216266 8,90
645003 287,00
340197 33,90
14672 85,20
490038 160,00
76338 193,00
613142 30,60
613146 36,00
613147 36,00
644890 164,00
478017 288,95
445905 285,00
489535 159,00
478268 118,00
641547 336,00
142356 3 500,00
612576 295,00
490035 159,00
426895 64,30
479412 1 511,00
383305 255,00
506148 196,00
490036 null
328747 89,70
214302 25,80
21602 24,60
376310 30 900,00
492141 1 164,00
631915 137,00
416816 95,60
620751 482,00
255476 46,70
389733 27,30
383719 294,00
383735 123,00
383732 93,90
383704 58,40
383706 58,40
371115 138,00
248225 800,00
611513 197,00
602935 790,00
216800 131,00
35483 6 400,00
383717 137,00
75220 443,00
42359 6 490,00
305720 1 490,00
198484 7 889,00
389762 48,50
106204 89,00
688794 89,00
650134 null
650135 31,70
361759 1 899,00
328947 689,00
44584 527,00
646350 720,00
142343 23 242,00
132691 459,00
2425 583,00
487498 307,00
487499 467,00
542139 133,00
683674 471,00
255092 543,00
549518 135,00
391074 549,00
84998 424,00
537617 208,00
537616 208,00
291644 38,90
263483 null
624281 898,00
565866 3 060,00
537627 153,00
309127 569,00
175460 2 290,00
691264 345,00
509193 37,40
384831 16,00
505686 27,50
563869 57,40
611849 109,00
614072 28,30
383721 294,00
563868 57,40
76319 200,00
42655 694,00
403251 225,00
52697 162,00
541218 null
541215 null
388108 32,60
621854 254,00
327174 119,00
353250 33,70
233521 1 510,00
738401 858,00
479021 47,60
358671 5 990,00
255084 455,00
255098 1 445,00
384865 190,00
132577 490,00
564966 141,00
275158 1 393,00
728392 307,00
434199 354,00
347860 49,20
420774 182,00
624310 null
72883 778,00
254271 1 490,00
131507 276,00
383302 250,00
31584 1 235,00
707325 589,00
237697 58,10
457584 95,60
517146 465,00
204448 58,00
313355 108,00
612488 193,00
257237 20,30
509842 3 601,00
391057 318,00
383734 186,00
382866 59,50
562591 1 990,00
563886 26,60
372828 402,00
743524 63,00
444325 705,00
438699 91,80
172240 898,00
282172 69,50
280461 306,00
216803 139,00
139922 2 579,00
130213 44,00
65159 894,40
144332 1 029,00
660633 2 690,00
425603 211,00
255254 2 160,00
257242 49,40
371081 null
160849 16,80
69434 625,00
416843 255,00
649655 11,30
389743 26,60
389744 26,60
87409 838,94
41792 19,30
254702 2 539,00
271802 205,00
106206 null
619842 null
351397 175,00
383303 1 221,00
636785 72,70
135581 1 732,00
559185 438,00
645232 540,00
620711 145,00
127663 249,00
445906 299,00
361478 null
383741 140,00
337930 99,50
650136 19,20
262862 137,00
132529 5 845,00
79122 1 444,00
328814 72,60
329437 2 185,00
271803 null
392945 1 847,00
391140 null
517148 null
562642 597,00
50240 2 407,00
488257 174,00
32925 108,00
75228 528,00
280458 268,00
313513 59,00
391144 17,30
709856 393,00
723423 null
215224 7 235,00
561500 694,00
680939 51,80
479410 1 699,00
675113 175,00
383727 63,00
447475 9,20
394705 815,00
767957 32,50
539358 102,00
416812 181,00
604954 270,00
427364 993,00
741658 240,00
142395 3 353,00
367908 165,00
161594 525,00
745061 249,00
28172 964,00
60863 159,00
419135 635,00
312054 20,10
440319 15,90
493578 649,00
613143 18,10
614272 1 997,00
275691 302,00
423818 125,00
477246 83,00
383733 62,00
536507 7 430,00
445908 335,00
53774 215,00
689019 1 098,00
549620 157,00
542671 null
389741 31,30
434192 191,00
487370 28,40
731878 83,90
447452 null
517302 156,00
520343 38,70
380967 38,00
314592 23,90
423817 98,00
423816 125,00
256106 58,10
218587 225,00
440318 9,50
467740 328,10
309137 264,00
330889 203,00
225288 136,00
365787 2,40
395554 266,00
478267 113,00
384864 113,00
328806 188,00
499894 325,00
301964 57,90
478276 615,00
486784 10,90
166834 231,00
394704 643,00
50273 113,00
327145 76,20
383724 137,00
440173 273,00
112300 61,40
425625 965,00
389742 31,30
314593 44,10
76318 399,00
209753 1 520,00
400748 129,00
60579 546,42
389766 63,30
334706 1 274,00
478266 103,00
76386 677,00
452455 6 178,00
256635 967,00
72145 615,00
95436 136,00
131100 146,00
383736 358,00
382857 114,00
340244 51,60
314647 213,00
499916 388,00
257241 62,80
77558 109,00
389748 64,80
479426 212,00
478254 392,00
416808 195,00
216172 198,00
271797 813,00
483025 99,00
107242 386,00
27029 68,60
371080 null
65188 1 023,51
65144 720,96
65148 832,96
65129 677,46
215058 228,09
383715 70,60
383716 144,00
323475 174,00
106432 857,00
106433 706,00
54 73,10
184125 228,00
372217 194,00
99264 190,00
389419 539,00
12989 2 044,50
76335 232,00
60580 null
328755 45,80
218005 260,00
107972 2 174,00
107971 4 309,00
374715 35,00
18000 null
159011 109,00
72617 891,00
167745 164,00
15493 120,00
62365 149,00
115643 171,00
25707 121,00
130250 103,00
65374 288,00
65371 288,00
178114 226,00
321457 775,00
274112 142,00
256095 244,00
47373 167,00
23853 192,00
26626 97,30
217989 493,00
382379 95,30
78564 62,30
282466 32,00
261316 118,00
43839 66,10
282355 32,00
43830 51,80
389758 18,10
266578 65,80
110735 233,00
216261 6,10
342606 295,00
397796 1 679,00
330927 305,00
227143 563,00
311996 2 470,00
294391 2 610,00
233450 1 738,00
77446 1 087,00
166407 2 350,00
271950 411,00
272698 387,00
271951 545,00
179969 368,00
179966 3 450,00
88862 860,00
255130 260,00
96667 1 474,00
255101 984,01
255100 850,00
129403 40 430,00
12805 990,00
33983 2 690,00
79120 1 444,00
146077 600,00
420943 1 781,00
332021 170,00
178060 5 888,00
116610 249,00
87423 65,90
5416 63,40
48621 22,50
365992 null
17930 231,00
25341 325,00
136387 50,00
227784 269,00
320477 73,00
116609 134,00
376552 132,00
2021 1 945,00
118112 198,00
56853 5 155,00
314650 213,00
26388 340,00
73570 699,00
492719 60,20
487287 1 153,00
15447 114,00
61354 98,20
447940 595,00
345169 448,00
156399 329,00
94683 130,00
103364 175,00
266191 57,50
416319 44,00
435611 7 990,00
270057 38,00
4936 null
216173 198,00
383720 200,00
16926 789,00
479427 212,00
383312 632,09
218958 561,00
474676 250,00
266877 206,00
445911 null
60544 1 354,00
274529 249,00
478750 3 104,14
474680 104,00
258881 166,00
80877 23 141,00
392958 4,10
45568 154,00
76343 208,00
50848 188,00
383707 58,40
219370 908,00
218953 110,00
172251 502,00
130792 283,00
209633 538,00
76440 5 250,00
477244 27,60
454481 null
133524 42,70
385954 259,00
427365 1 415,00
129192 1 239,01
17571 907,00
383308 606,00
30882 149,00
266873 69,90
78629 4 173,00
81110 3 830,00
374716 4 247,00
61155 376,00
543463 null
3730 16,30
427338 182,00
420772 362,00
520344 47,90
391056 99,00
476212 223,00
263504 88,40
542155 211,00
272085 31,50
476506 166,00
390816 192,00
146159 68,00
426899 231,00
169479 545,00
263529 61,40
403250 209,00
522460 131,00
482235 1 491,00
293396 1 862,00
487288 2 126,00
490040 160,00
159013 259,00
522381 161,00
134921 4 134,00
438831 6,00
124680 5 626,00
255475 8,00
209627 538,00
170248 9 075,00
78314 3 950,00
91310 44,00
129219 2 055,00
219019 139,00
47402 265,80
132674 16,10
216820 669,00
522458 146,00
538413 9 248,00
252285 3 360,00
334344 7 110,00
25545 107,00
225332 42,70
168995 4 360,00
509191 54,20
484367 500,00
476526 274,00
212404 45,10
33177 null
168570 1 151,00
395552 266,00
45567 154,00
480261 709,00
130493 60,30
65541 44,60
490041 null
66334 86,90
275693 129,00
514976 13,40
136210 375,00
56062 91,10
383726 294,00
479020 15,90
434191 8,10
222157 321,00
294832 274,00
494589 259,00
82054 190,00
480459 73,80
426889 153,00
395549 266,00
379916 142,00
153052 null
397359 5,45
372827 226,00
54503 null
383722 294,00
373789 24,90
373781 149,00
474930 279,00
161574 400,00
504363 1 835,00
485225 16,02
477245 49,80
135543 350,00
64811 1 733,00
502448 65,70
194357 92,90
146078 600,00
25241 631,00
25243 680,00
65192 968,67
20588 317,00
25242 345,87
308203 544,69
168385 310,00
168386 285,80
168384 343,00
13500 252,80
17623 264,80
49865 1 759,00
51214 1 089,89
332005 657,00
3215 3 658,37
3216 2 488,06
354658 81,50
65187 931,01
24841 683,00
133554 114,00
30591 365,45
26162 1 799,56
549217 null
54659 279,52
30424 534,00
77550 19,90
25734 155,00
216821 471,00
65537 173,00
453126 2 219,00
4528 337,00
98108 267,00
455855 773,00
78425 549,01
65150 793,02
65135 685,13
65136 685,10
65149 793,02
65133 731,43
35736 64,30
61855 104,00
66990 295,00
22476 55,00
53454 243,00
129805 249,00
53511 101,00
12607 334,00
440 251,00
53825 8 164,00
12986 3 088,86
131246 30,70
76320 331,00
12060 70,30
76328 281,00
76325 296,00
76407 null
57878 28,00
48479 1 989,11
46019 null
33947 52,40
25652 2 367,20
107675 3 731,00
482553 47,70
384535 null
44635 27 921,00
166604 17 217,00
373187 3 481,00
569017 83,50
217912 1 790,00
140862 6 833,00
53826 7 744,00
254478 185,00
62006 53,90
254618 975,00
13715 null
2638 246,00
584 null
280043 110,00
45994 75,00
45573 74,40
7916 153,00
30884 null
452409 362,00
267165 3 302,00
3206 null
117927 176,00
92206 1 992,00
88606 197,00
72256 192,00
48050 206,00
329666 1 500,00
12923 null
25415 149,00
12925 null
422 null
49366 132,00
918 11,10
19079 14,50
48556 13,30
43314 33,90
42952 18,80
762 8,20
342 19,20
35264 24,20
520399 null
87133 154,20
60765 250,06
87770 215,00
45545 268,12
49964 154,20
614446 null
475 108,00
644 108,00
12057 105,00
12058 115,00
25733 155,00
78561 62,30
27778 8,10
72661 216,00
72662 216,00
49368 106,00
60857 39,90
60858 59,00
32034 59,00
32033 59,00
181 16,00
12059 70,30
32035 45,80
32037 45,80
20699 null
382862 252,00
72902 135,00
20703 75,20
9918 56,40
258617 38,60
647130 139,00
87560 1 199,00
172683 1 219,00
172698 319,00
172697 245,00
271752 229,00
639127 439,00
185076 169,00
233447 1 257,00
158204 null
272692 375,00
46221 270,00
251657 3 150,00
41675 399,00
176189 605,00
218880 1 261,00
220020 93,60
218881 null
129377 null
33339 2 990,00
73515 null
87562 311,00
208059 775,00
73516 182,00
111690 311,00
73517 299,00
73518 399,00
62259 279,00
273407 172,00
216802 134,00
73532 172,00
275975 5 990,00
275976 5 990,00
275977 5 990,00
150310 769,00
168051 null
246347 127,00
52333 1 639,00
82842 182,00
272202 379,00
691262 695,00
49728 399,00
47276 56,30
25706 88,70
144341 32,50
16408 505,00
34171 149,00
87746 113,00
763586 null
78099 371,00
144351 268,00
46915 549,00
136388 56,00
51958 214,00
15549 369,00
17929 90,00
674195 3 770,00
42386 14,50
379763 229,00
618718 999,00
216817 40,00
490846 85,00
26526 149,00
116607 134,00
219536 999,00
207983 216,00
610789 1 643,00
394695 3 015,00
425627 801,00
400749 134,00
275692 99,00
362516 16,80
618132 4 300,00
216801 138,00
426902 220,00
325735 245,00
308334 69,90
453212 2 990,00
466711 55,01
121911 null
23356 585,00
24840 1 768,13
48477 1 246,95
63669 660,00
130286 270,00
41791 null
64362 null
35722 294,51
265244 463,00
267334 null
78562 62,30
441599 104,00
305421 269,00
77447 879,00
84130 1 425,00
208152 69,71
56454 438,00
17574 1 114,00
21247 null
275973 4 710,00
186183 2 650,00
267187 699,00
172947 221,00
29612 189,00
21902 518,00
53085 2 400,00
503692 null
135820 8 382,00
2134 4,42
58422 166,00
425628 732,00
28993 576,80
57471 151,54
5313 615,00
65519 311,00
51819 299,00
18315 685,80
183031 4 650,00
140863 7 596,00
520366 null
66712 41 037,00
115909 26 775,00
98552 null
282055 384,00
48530 null
4105 8 898,00
24673 3 154,00
46672 45,00
382415 213,00
3657 null
220350 1 193,00
555695 466,34
1786 null
21580 24,80
51478 154,20
43602 715,00
32031 76,80
32032 65,00
1147 16,00
599 16,40
33904 110,00
116690 1 336,00
204723 273,00
56455 1 308,00
218879 800,00
120 882,00
719659 113,00
129097 1 819,00
129103 2 729,00
549596 3 046,00
758704 379,00
739114 null
363576 76,90
508870 2 867,00
118427 4 089,00
376287 8,70
387071 199,00
107459 5 170,00
350816 1 111,00
49646 null
156104 432,00
855615 146,00
13077 149,00
49733 null
12924 null
563767 90,90
5311 895,00
78022 null
272691 355,00
158470 363,00
563762 34,90
79121 1 444,00
494586 99,00
42388 43,40
321711 419,00
183 21,30
401004 849,00
132665 71,00
137789 null
470896 85,00
318876 3 019,00
691261 695,00
691254 530,00
478371 52,00
14714 null
476872 33,50
476876 66,90
82845 39,90
657119 2 354,00
448429 4 352,00
57819 156,00
219511 240,00
167990 990,00
46810 null
215081 169,00
139207 188,00
620717 185,00
400925 611,00
218876 483,00
376875 535,00
52277 56,90
105281 58,40
611588 780,00
225342 null
522051 54,60
389384 null
35723 294,51
35726 289,00
110767 4 859,00
72640 990,00
92259 1 450,00
611480 197,00
575358 166,00
793745 939,00
525393 612,00
766447 86 990,00
766448 86 600,00
314648 213,00
314649 213,00
505018 6,20
204959 400,00
134440 806,00
17095 5,10
47002 492,47
394533 79,60
479429 157,00
232849 1 129,00
60575 473,09
391106 8 870,00
391107 12 996,00
718010 214,00
749629 309,00
97475 132,00
77276 null
11216 32,80
28213 2 997,28
280460 55,70
46337 176,00
79693 821,49
65146 793,01
3260 1 860,00
509195 84,70
612658 312,00
486496 44 800,00
129182 3 440,01
73643 690,00
84961 135,00
107623 947,00
273051 null
2401 1 350,00
247011 10 005,00
58494 33 516,00
469613 101,00
647856 2 326,00
323476 360,00
31577 534,00
767056 370,00
116689 1 639,00
522318 48,40
87764 333,00
604961 59,30
141401 609,00
421792 3 980,00
330710 192,00
397281 169,00
129194 1 150,00
218944 105,00
142914 321,00
769514 838,00
88607 176,00
98129 null
422594 null
553061 398,00
128498 2 257,00
138715 1 957,00
332981 2 170,00
299127 221,00
358656 5 943,00
128900 407,33
48652 219,00
65370 288,00
168996 2 200,00
217491 7 990,00
130850 198,00
4932 198,00
251538 3 196,00
355727 148,00
726742 435,00
383718 137,00
657120 2 982,00
720195 36,40
57858 6 990,00
263505 122,00
131248 38,10
48285 346,00
95931 271,00
24999 337,00
743521 39,70
215061 611,46
767971 100,00
56634 2 835,00
65190 725,00
605141 89,70
450747 102,00
624980 60,40
730672 8 104,00
96527 388,00
79129 1 344,00
554353 102,00
567033 1 878,99
567035 1 937,52
119455 1 194,22
65195 1 426,02
48478 1 259,68
213386 2 979,00
155439 1 721,00
107969 1 928,00
66312 180,00
409794 225,00
611071 139,00
78504 491,00
309142 314,00
117335 1 265,00
647556 363,00
131302 87,70
48631 197,00
391142 26,90
563822 44,20
767973 124,00
341177 1 152,00
554619 230,00
73909 1 250,00
65166 744,14
84129 763,00
388459 null
248031 1 375,00
248032 1 200,00
327665 193,00
89811 215,00
331731 733,00
638435 601,00
3252 92,70
256593 2 287,03
697490 null
503 30,80
255140 1 027,00
255142 1 206,00
325555 163,00
624277 null
614075 28,00
563873 34,80
391120 224,00
454551 null
556028 431,00
186916 5 770,00
454463 null
563766 54,00
789274 6 299,00
116691 398,00
116679 209,00
358644 17 949,00
352579 3 642,00
395826 107,00
327413 110,00
535311 385,00
716921 419,00
318239 null
218586 225,00
46336 176,00
216168 198,00
118113 198,00
216169 null
130849 198,00
4933 198,00
254700 667,00
162734 4 782,00
730663 16 050,00
263503 437,00
188076 182,00
647555 295,00
425332 3 353,00
212406 128,00
774040 null
683995 336,00
216849 133,00
529557 539,00
166405 370,00
78565 393,00
218609 165,00
218608 165,00
8322 165,00
727929 235,00
727927 235,00
168569 1 151,00
388133 null
388132 null
611946 62,30
397324 219,00
509177 20,40
325551 null
383729 92,30
416810 null
383723 137,00
618406 1 332,00
604966 130,00
142058 136,00
420068 204,00
712021 148,00
455194 116,00
47587 64,40
87130 84,74
604963 123,00
730871 59,22
692761 256,00
726744 1 960,00
639122 569,00
138978 null
454517 null
454512 null
199118 2 990,00
710171 62,80
607961 72,60
828341 181,00
738746 115,00
379156 115,00
558275 103,00
570604 26,60
442976 209,00
17999 11 574,00
28374 569,00
725976 1 522,00
364598 549,00
5482 104,00
219020 180,00
218957 462,00
218975 206,00
542141 131,00
542142 164,00
542151 158,00
542153 189,00
392888 null
509192 79,80
274506 159,00
654698 299,00
480210 18,30
518421 32,10
614317 391,00
472631 51,10
636781 44,50
613144 52,90
716592 149,00
357463 35,40
158469 1 999,00
73621 1 088,00
509722 1 326,00
662520 2 507,00
445520 706,00
47053 197,00
73503 234,00
125453 7 055,00
21586 29,80
54663 799,00
31573 18 351,00
169397 27,60
109274 529,34
830259 669,00
403232 298,00
62623 98,50
34466 131,00
374922 570,00
65160 736,63
3253 171,00
256092 126,00
388486 160,00
445904 285,00
701498 185,00
469594 145,00
426884 42,60
728908 850,00
61358 74,90
97474 132,00
50845 136,00
89643 180,00
58201 2 720,00
217661 3 852,00
257053 null
408765 55,00
41857 223,00
260183 54,40
160595 1 233,00
31838 1 251,00
92257 825,00
396999 609,00
82913 1 807,00
87411 2 468,40
327349 1 144,28
746774 216,00
314653 209,00
219932 104,00
689972 990,00
544853 917,00
426883 55,30
426881 55,30
426882 52,70
756975 84,00
656557 100,00
73904 238,00
219021 177,00
43127 395,00
436861 null
196293 180,00
292367 1 283,00
50950 785,00
495370 642,00
171180 454,00
794821 null
75749 360,00
69824 2 084,69
455377 249,00
75190 535,00
146079 600,00
64812 1 785,00
470987 14 598,83
396783 809,00
466713 57,50
420769 428,00
293406 867,00
27258 110,00
198793 531,00
84123 1 999,00
565739 62,30
280463 89,80
393566 150,00
632313 340,00
385957 1 090,00
534432 761,00
534433 1 070,00
65186 733,52
620224 344,00
455853 437,00
542164 390,00
389763 48,50
389760 58,10
724995 202,00
724992 202,00
95224 2 767,00
673237 472,00
48119 774,47
2385 198,00
445517 355,00
445519 355,00
201929 167,00
198749 377,00
204894 199,00
830839 34,44
329435 1 900,00
3729 15,90
729091 614,00
92156 10 762,00
28439 175,00
490635 842,00
301961 296,00
538442 3 326,00
439295 78,20
619852 20,60
219004 114,00
638136 79,90
67213 2 573,00
124631 5 700,00
312039 null
389756 28,50
383299 827,00
112140 479,00
521958 115,00
727924 null
715774 246,00
562538 16,30
562537 11,80
62123 190,00
118109 225,00
691266 290,00
160545 765,00
763719 26,30
488443 550,00
601024 448,00
342609 512,00
342611 582,00
494587 229,00
480262 341,00
566437 270,00
727918 167,00
517149 266,00
66337 121,00
76327 172,00
76391 587,00
387079 1 954,79
314642 266,00
314640 266,00
801571 98,60
142099 482,00
391076 999,00
521920 143,00
110746 114,00
391371 117,00
740178 551,00
76421 2 158,00
111788 1 419,00
111787 1 419,00
111790 1 419,00
111791 1 419,00
104255 1 137,00
104260 1 137,00
104261 1 137,00
83855 201,00
494584 229,00
793753 539,00
263542 552,00
220002 1 939,00
166085 58,10
495379 129,00
623634 830,00
272890 2 244,00
72138 580,00
551673 3 299,00
253762 597,00
365990 338,00
732738 5 460,00
65161 736,63
613149 52,90
13877 315,09
217915 3 190,00
340534 null
416838 242,00
657117 582,00
31839 1 817,00
41666 74,70
312242 105,00
312241 100,00
514966 80,60
46735 69,90
20701 57,60
255081 429,00
691240 2 355,00
612599 54,60
87790 697,00
263531 44,80
727922 636,00
132660 99,60
571062 185,00
571063 null
347282 55,00
216146 1 761,00
3254 155,00
567095 69,00
382392 47,50
396328 512,00
640036 827,00
619311 335,00
538412 null
9983 165,00
265902 69,90
313496 157,00
426886 42,60
258076 21,90
258077 31,70
225300 72,70
111789 1 419,00
14534 96,40
240502 null
476875 66,90
476874 66,90
476873 66,90
162096 111,00
162095 111,00
759445 null
759440 58,90
327664 190,00
327663 154,00
488260 203,00
731862 87,30
330707 210,00
614069 54,80
325675 150,00
620908 179,00
169464 3 610,00
66326 1 444,50
727926 227,00
400740 null
604958 61,90
487537 754,00
640035 827,00
213760 2 785,00
688782 1 391,00
688770 971,00
688772 295,00
555147 524,00
287222 1 901,00
57909 2 820,00
220607 29,30
69669 276,00
50889 339,00
60914 22,60
738391 441,00
4922 198,00
567911 431,00
213771 55,50
710155 96,40
710159 135,00
739691 506,00
5216 301,92
378638 139,00
90819 250,00
327662 332,00
619309 335,00
73565 1 088,00
73637 1 056,00
267667 88,40
619314 335,00
147844 59,00
563410 361,00
275974 6 042,00
41782 33,90
113955 232,00
446075 71,20
358643 22 049,00
271971 51 930,00
44862 296,80
399715 1 490,00
490037 159,00
795579 616,00
158300 559,00
158301 559,00
825825 1 327,00
825826 1 327,00
825827 1 327,00
825828 1 327,00
1780 null
325736 185,00
707338 28 860,00
724886 1 732,00
142397 null
833473 12 530,00
397358 54,30
397357 53,40
170483 null
495374 51,40
274115 189,00
202484 560,00
272208 713,00
14584 29 990,00
216170 198,00
8320 165,00
707339 2 550,00
447942 595,00
427366 3 897,00
341912 156,00
512979 475,00
757476 395,00
488381 990,00
115669 359,00
132677 562,00
416801 32,90
354655 98,40
78145 1 713,00
85565 13 660,00
633896 25,80
274114 245,00
273053 null
135819 11 352,00
479405 1 299,00
129093 2 910,00
416805 227,00
14919 43,30
309169 176,00
47003 361,04
770021 268,00
2776 214,00
79130 594,00
185077 null
547997 null
65154 793,02
175457 1 760,00
702145 95,20
236915 569,00
756782 914,00
350817 3 027,00
143446 186,00
644729 66,00
380973 305,00
78236 485,00
555145 304,00
58369 611,00
106466 537,00
55818 156,00
613148 28,00
148053 46,40
276643 233,00
554618 230,00
78506 226,00
327425 1 184,00
492717 null
5474 1 795,00
551669 953,00
50961 96,90
218962 294,00
396766 814,00
218985 1 379,00
22318 431,00
155799 28,70
644889 164,00
847117 85,00
55367 75,40
447453 null
21663 309,72
774762 189,00
218849 35,40
61947 141,00
758268 58,10
849749 377,00
87792 697,00
265720 58,50
644891 58,50
8691 359,00
254620 1 069,00
480255 1 388,00
494599 2 125,00
640499 194,00
108140 810,00
488262 203,00
354657 98,40
314657 221,00
33179 null
33178 120,00
522454 124,00
391372 117,00
522456 129,00
522455 129,00
488258 174,00
488259 174,00
611499 225,00
488261 203,00
439293 203,00
43355 9,00
87404 2 519,22
274267 2 463,00
730863 null
268814 191,00
765900 124,00
42832 110,00
42829 110,00
204992 108,00
364 61,60
329665 724,00
79134 698,00
79132 698,00
79133 698,00
49963 125,00
65494 35,50
390773 169,00
254599 386,00
710153 47,60
480259 464,00
780294 205,00
683962 null
503663 59,90
727932 213,00
474932 102,00
389227 839,00
97455 591,00
215934 341,00
116042 763,00
103037 3 209,00
267362 381,00
517309 330,00
145137 3 754,00
220520 1 164,00
784552 459,00
478318 83,10
571865 935,00
487289 359,00
738723 790,00
631086 4 179,00
676436 1 520,00
331579 1 049,00
623659 699,00
395555 261,00
368765 225,00
7286 1 555,00
254600 701,00
31370 2 060,00
13731 1 875,00
14327 1 099,00
14323 1 160,00
1208 867,01
4348 570,00
4351 670,00
4366 609,00
1207 875,00
255075 352,00
171992 2 890,00
73642 1 142,00
73579 666,00
734693 669,00
105985 1 762,00
515932 470,00
1296 557,01
4363 448,00
723425 303,00
220595 124,00
87793 1 539,00
627699 64,00
774731 547,00
207580 754,00
290992 477,00
568821 216,00
110732 233,00
110733 233,00
449705 620,00
144629 57,80
106003 125,00
807671 72,60
747454 134,00
272653 559,00
56386 130,00
78508 203,00
8721 49,00
719636 428,00
303741 null
741899 329,00
719737 48,20
606504 348,00
43836 84,74
549501 503,00
46338 176,00
46334 176,00
46340 176,00
17575 null
501746 89,90
168573 1 750,00
107715 1 712,00
389736 295,00
575224 97,50
814924 750,00
715775 182,00
487290 209,00
27057 66,50
21584 26,90
266886 3 693,00
88222 19 140,00
604967 130,00
163158 2 210,00
691248 null
570319 22 495,00
686675 3 990,00
94902 108,00
52698 162,00
790203 794,00
212712 630,00
382387 182,00
348236 100,97
348237 58,16
153054 132,00
29852 null
735172 null
415180 410,00
709860 34,80
159012 259,00
710399 743,00
79131 589,00
79127 1 344,00
258072 64,40
266874 144,00
852301 19 390,00
727921 402,00
847104 72,50
712376 48,80
68681 63,80
263501 165,00
73644 1 088,00
730861 110,00
77305 21 795,00
507804 688,00
612276 412,00
272649 359,00
97059 334,00
5780 70,80
107618 474,00
389238 15 240,00
536388 57,90
420937 2 439,00
562944 830,00
62190 5 946,00
255102 1 035,00
214169 22,90
396951 null
65518 599,00
155432 599,00
611153 450,00
55806 6 421,00
371082 1 041,00
166831 247,00
491131 14 900,00
131093 2 720,00
3021 60,10
118586 885,00
569103 1 028,00
66336 121,00
42384 10,40
144627 238,00
82624 199,00
225337 32,60
382863 27,70
571597 166,00
369794 23,30
128903 401,20
845962 119,00
71631 169,00
829577 69,00
829582 89,90
128908 21,20
830840 47,32
698406 40,70
148115 173,00
53545 86,70
833493 655,00
48636 203,00
716926 429,00
617603 1 813,00
637541 1 524,00
652907 1 654,00
632311 340,00
465424 1 590,00
45995 65,00
24739 2 318,01
637540 1 075,00
631317 368,00
270431 109,00
571480 60,30
481269 7 671,00
546543 884,00
51006 1 729,00
478299 163,00
390005 3 760,00
254714 3 165,00
255143 2 127,00
328741 6 613,00
34521 105,00
559215 543,00
309365 299,00
735180 12,80
275517 null
219010 null
60915 44,60
249336 207,00
722471 27,40
65184 868,74
490443 99,00
743132 171,00
740256 44,00
620223 344,00
11679 17 599,00
161602 null
265719 58,50
274102 58,50
478291 1 900,00
557560 24,00
758267 95,70
771952 595,00
51180 448,90
186581 633,00
509194 67,10
492718 60,20
78273 5 179,00
855670 242,00
159006 126,00
216279 184,00
337490 150,00
805375 83,00
136908 159,00
731891 188,00
833530 1 895,00
138977 null
494594 135,00
843302 47,30
854509 58,00
31396 711,00
95572 1 445,00
809769 411,00
603694 305,00
506277 null
225311 195,00
33946 27,30
162964 72,90
669578 14,40
393598 11,10
830273 125,00
900430 13 800,00
57524 149,01
19691 43,10
35738 219,00
141400 876,00
132494 297,00
474502 4 190,00
99354 18,40
342603 168,00
75233 509,00
8761 18,10
334102 279,00
334101 289,00
413876 159,00
272323 205,00
369796 40,60
369797 40,40
393597 17,90
85004 424,00
96669 1 849,00
844150 989,00
31829 null
604962 364,00
4525 526,00
45074 24,40
537626 153,00
778179 null
719646 287,00
112753 1 047,00
876096 175,00
262861 77,30
827603 4 487,00
692794 119,00
880141 3 200,00
132520 1 305,00
330465 590,00
451874 325,00
656558 79,00
116608 134,00
918883 97 990,00
726996 null
479416 41,10
95454 44,50
556037 338,00
350814 912,00
453107 2 520,00
384832 16,00
745034 15,30
455376 305,00
627965 120,00
613145 28,00
452164 488,00
396958 449,00
504 221,00
41887 null
205978 2 962,00
135285 3 510,00
132273 1 350,00
50285 150,00
137724 null
73578 736,00
534072 2 997,00
172110 2 202,00
564965 134,00
758265 40,10
877405 null
897319 198,00
388128 26,40
309366 349,00
412366 14 842,80
143584 1 053,00
611580 415,00
198686 148,00
575356 166,00
878055 194,00
568203 580,00
106352 55,50
838858 1 900,00
250717 214,00
685077 1 614,00
863251 1 257,00
8418 1 290,00
454515 null
443264 null
691256 530,00
243515 111,00
855517 null
833492 414,00
809768 504,00
744222 1 036,00
265721 58,50
476528 274,00
550006 155,00
697533 258,00
643911 70,00
373186 2 762,00
861001 2 059,00
487528 665,00
44920 303,00
156099 414,00
765527 1 511,00
8401 null
212940 249,00
212942 145,00
678792 118,00
78816 945,00
388114 32,60
512035 null
19826 535,00
736368 249,00
58093 2 990,00
78172 126,00
833382 null
679604 18 808,00
248242 134,00
318456 44,70
61997 252,00
479425 212,00
76387 253,00
371114 401,00
328785 350,00
158598 2 119,00
832669 null
196072 329,00
874765 342,00
816357 638,00
379919 363,00
517284 330,00
442981 543,00
364592 549,00
364594 549,00
3262 1 860,00
445922 299,00
844915 880,00
631318 368,00
631316 368,00
826520 134,00
826542 185,00
542157 252,00
631313 368,00
905474 449,00
905478 449,00
905473 449,00
905480 449,00
476867 45,00
779555 173,00
18294 null
390009 2 470,00
254591 3 175,00
106006 116,00
904855 4 529,00
488250 253,00
274503 189,00
209628 538,00
106347 89,10
373180 414,00
79692 685,02
216861 255,00
137621 1 403,00
137622 1 561,00
312563 11 968,00
198487 6 150,00
767267 123,00
324581 205,00
69820 1 737,42
694258 106,00
715776 165,00
913414 509,00
92205 1 337,00
4934 198,00
6339 795,00
562969 1 713,00
464200 42,90
212943 145,00
155798 28,70
628415 3 579,00
645408 null
564961 502,00
613139 34,80
46916 630,00
216267 4,80
736374 299,00
91454 482,00
911859 382,00
167987 1 090,00
757881 null
72146 690,00
87747 279,00
843442 null
22317 459,00
132335 20 515,00
79711 36,90
657122 1 936,00
877386 167,00
556031 418,00
556030 299,00
556032 431,00
556035 431,00
671010 431,00
32171 3 006,00
255255 2 160,00
621951 1 390,00
517316 429,00
683956 1 491,00
395330 111,00
688774 827,00
419602 450,00
110601 36,90
382347 512,00
139206 94,10
569891 270,00
311317 415,00
784138 459,00
784137 459,00
620752 482,00
930325 32,70
496061 631,00
556033 299,00
770561 164,00
258959 179,00
913213 null
431435 null
75344 null
721271 409,00
2504 null
845493 39,40
601002 4 568,00
218877 588,00
517285 370,00
333686 227,00
893821 159,00
809770 335,00
777081 2 400,00
287255 4 200,00
47503 159,00
76412 3 109,00
229802 1 149,00
35739 215,00
546039 1 270,00
253761 569,00
828928 null
48653 219,00
313935 285,00
689100 285,00
46811 248,00
509550 2 826,00
431419 359,00
821311 161,00
372562 32,00
604473 3 855,00
721274 379,00
625765 null
355093 699,00
787236 1 707,00
452397 161,00
413338 3 127,00
202683 258,00
69826 1 534,68
110019 1 966,49
65162 744,14
65174 1 330,00
203972 224,00
735200 12,20
737021 18 086,00
712377 43,70
280451 596,00
41769 49 756,00
565522 9 000,00
110379 12 488,00
900306 16,00
756875 449,00
600116 400,00
887048 726,00
924723 999,00
87671 1 007,00
783887 137,00
426897 64,30
426898 64,30
282356 32,00
220195 86,60
427502 277,00
134439 806,00
850512 132,00
850523 172,00
850521 162,00
850517 69,00
829011 114,00
850525 142,00
680688 265,00
307548 18,00
333687 227,00
447943 595,00
470889 185,00
251631 8 413,00
251629 8 413,00
251630 8 413,00
251627 5 996,00
509180 79,90
199119 920,00
514975 13,40
21588 23,10
204073 86,60
509551 2 708,00
517283 961,00
214807 1 018,00
368767 28 785,00
328820 199,00
522280 73,00
292373 839,00
256093 173,00
561479 1 699,00
563935 null
725022 672,00
271801 150,00
726751 7 210,00
383695 971,00
155431 1 750,00
388102 16,20
517286 230,00
477743 299,00
968264 800,00
388103 16,20
612493 2 122,00
108686 27 390,00
866179 584,99
302738 1 111,00
302739 850,00
302740 850,00
302741 850,00
302742 850,00
848707 936,00
844156 890,00
390775 850,00
748452 1 799,00
155800 28,70
728266 249,00
225313 199,00
225313 199,00
 null
888580 25,20
688773 682,00
218973 206,00
365731 98,50
738745 98,50
738743 98,50
827559 117,00
132685 68,80
212936 453,00
383304 220,00
60906 60,80
391119 2 281,00
328248 42,70
956270 159,76
392882 null
78177 50,90
4926 198,00
827134 null
488252 205,00
569716 82,60
28212 1 404,20
809771 513,00
801572 98,60
276305 5 837,00
161452 7 406,00
125434 4 657,00
141739 3 537,00
439289 2 652,00
517465 855,00
847548 133,00
563276 550,00
254660 120,01
261529 null
447473 9,20
872526 266,00
634654 102,00
747710 1 472,00
104517 112,00
916473 112,00
601111 677,00
884699 66,60
254603 705,01
611501 225,00
397795 483,00
142387 2 189,00
93481 671,00
93483 671,00
93474 671,00
678601 263,31
14456 null
43354 25,00
374931 16,70
627150 409,00
167356 119,00
131648 187,00
400715 153,00
571061 1 100,00
746773 238,00
45572 169,00
381906 138,00
107719 90,90
766065 3 465,00
905944 95,20
426891 44,00
537620 237,00
219432 161,00
48287 153,00
564400 49,90
573012 186,00
619307 553,00
254629 865,01
95571 1 445,00
31361 711,00
747495 378,30
48734 57,30
60803 57,00
330303 73,54
490444 67,70
60300 1 672,34
563903 956,52
969513 51,00
409803 133,00
561452 null
65306 399,00
218981 null
340224 19,50
502443 4 329,00
455383 199,00
263527 43,70
763709 182,00
858776 199,00
307663 79,90
490232 161,00
44730 282,00
644342 790,00
722475 33,20
855027 87,00
174677 1 190,00
141346 143,00
35384 260,00
8323 165,00
8319 165,00
711036 471,00
521553 251,00
3221 5 826,69
654104 468,21
654101 1 288,19
216819 339,00
563933 5 566,00
416805 227,00
58170 22 273,00
44634 7 496,00
32360 9 491,00
135304 3 912,00
273052 1 390,00
148541 17 076,00
815396 33,90
131242 148,00
194388 4 290,00
194402 29 390,00
197176 8 446,00
58167 16 901,00
134920 25 119,00
66710 25 331,00
178985 89 811,00
178986 91 236,00
178981 109 095,00
148536 9 951,00
148535 12 450,00
148537 12 303,00
148540 12 801,00
334687 23 726,00
334688 24 055,00
334689 25 569,00
178991 28 001,00
178992 26 101,00
178990 29 901,00
178989 31 326,00
178988 35 601,00
81305 34 176,00
81304 32 086,00
135299 52 036,00
135300 47 286,00
197180 150 154,00
197179 124 990,00
197178 50 706,00
161473 62 106,00
161474 73 506,00
549252 null
735671 76,90
81306 38 926,00
148538 10 878,00
148539 15 376,00
148542 15 651,00
81303 27 336,00
66711 27 528,00
117753 14 841,00
44636 34 001,00
58166 16 106,00
16566 16 472,00
58168 21 981,00
180667 23 026,90
125432 3 593,00
416815 95,60
282053 199,00
172935 73,00
91453 479,00
916468 null
430997 1 745,00
977991 771,00
738285 5 280,00
882891 1 254,00
927904 1 690,00
970659 199,00
178314 8 095,00
996998 628,00
204239 4 190,00
139927 7 990,00
558096 80,90
927905 null
397284 144,00
705921 976,00
705850 496,00
644192 240,00
866609 570,00
863292 3 990,00
781011 62,80
64268 96,50
725023 599,00
601115 1 899,00
132944 4 126,00
108492 3 422,00
833443 29,00
10806 82,00
600413 365,00
74180 1 835,30
266960 2 390,00
412675 1 089,00
415569 260,00
30089 null
864431 949,00
171512 2 465,00
453112 25 450,01
885866 148,00
990751 169,00
537628 153,00
911841 2 993,00
861013 739,00
247325 229,00
659650 609,00
443513 560,00
861012 769,00
84962 172,00
437255 889,00
16545 126,00
254932 44,40
32309 854,00
794291 4 790,00
648226 258,00
658419 479,00
702779 1 590,00
1016416 1 100,00
95427 45,20
166995 1 830,00
870196 2 573,00
613205 3 003,00
760533 1 560,77
897765 21,10
255141 1 290,00
254710 4 760,00
995376 240,00
389224 68,60
633900 66,90
719665 93,00
719671 93,00
391071 168,00
682895 1 165,00
177728 166,00
332181 800,00
236898 182,00
716591 149,00
756773 260,00
509996 128,00
731104 433,00
992645 269,00
33976 940,00
95455 323,00
823855 565,00
737350 439,00
739192 2 490,00
142060 59,80
213763 2 035,00
932104 829,00
381728 800,00
958286 980,00
478269 65,30
731970 288,00
478273 102,00
354339 8,40
391129 35,60
789821 540,00
880122 855,00
218979 836,00
958560 210,00
399116 98,00
218963 185,00
520397 813,00
309565 336,00
723554 198,00
369262 313,26
49757 165,00
266881 184,00
45864 42,20
639770 131,00
822142 480,00
399732 450,00
224992 548,00
965722 29,00
873725 244,00
539498 31,20
413090 533,00
218006 566,00
443268 71,30
571320 1 820,00
73572 699,00
994643 319,00
763156 281,00
253544 361,85
308200 1 097,35
604770 307,00
160387 92,10
160388 92,10
93534 617,00
243307 79,30
93589 631,00
861693 399,00
721462 748,00
1031076 380,00
97082 922,66
659383 null
129144 52,00
552352 7 407,00
456948 1 138,00
769657 260,00
877406 123,00
383307 337,00
604065 439,00
908068 null
895633 350,00
1057609 5 010,00
29999 47,50
52355 11 585,00
328789 1 590,00
25484 157,00
395556 134,00
453098 15 900,00
559404 120,00
173344 189,00
972471 117,00
847050 null
972472 117,00
147843 59,00
4000 178,00
222158 153,00
1023561 33,90
972468 117,00
118877 284,00
843303 19,50
992711 49,50
858931 33,00
842990 245,00
992400 27,50
992398 27,50
992396 27,50
992399 27,50
992426 32,70
985068 16,70
1025082 13,60
76337 167,00
218994 262,00
752946 3 199,00
735174 null
502184 4 710,00
332796 129,00
993721 260,00
721879 62,50
575355 166,00
887049 1 149,00
618819 750,00
1007882 1 017,00
436402 54,00
309131 365,00
19693 43,10
327292 121,00
79286 96,40
482231 1 580,00
750274 69,90
632437 499,00
644538 225,00
399714 3 200,00
73906 155,00
218968 449,00
860924 180,00
860923 75,00
877391 240,00
502954 413,00
969503 20,50
992388 99,20
864528 3 860,00
957022 null
166989 1 065,00
166997 1 830,00
863320 1 860,00
982434 3 610,00
132483 299,00
487534 870,00
141010 722,00
474675 43,50
248682 132,00
323646 254,00
131232 17,80
48283 69,90
48282 69,90
87137 121,00
87138 121,00
87139 121,00
482554 47,70
482552 47,70
644343 790,00
162097 111,00
34661 119,00
783968 1 389,00
934408 1 014,00
934409 1 648,00
934407 1 585,00
934411 1 490,00
687364 308,00
452404 830,00
333543 9 097,00
688776 202,00
744926 2 219,00
934423 819,00
934412 694,00
937678 391,00
934424 553,00
372608 16 320,00
738652 2 040,00
400951 253,00
400950 255,00
567097 139,00
872086 205,00
973934 146,00
218986 1 875,00
838855 202,00
878646 2 058,00
878645 2 058,00
569728 70,90
735173 88,90
723931 39,00
330306 52,00
1041190 null
497372 71,00
188087 199,00
396765 1 331,00
730057 179,00
761026 319,00
850519 null
850527 172,00
850509 98,00
956263 381,34
497563 540,00
998783 189,00
851865 226,00
888111 209,00
888095 209,00
41785 33,90
328749 476,00
998270 317,00
674131 599,00
514525 219,00
627705 479,00
998281 58,20
911770 3 151,00
627375 55,00
866289 179,00
762130 402,00
762641 766,00
863218 575,00
34582 110,00
